800.0      101.28561
802.0      103.05656
804.0      103.13609
806.0      104.38053
808.0      104.98959
810.0      104.82438
812.0      103.88347
814.0      104.98611
816.0      106.85639
818.0      109.85387
820.0      110.93188
822.0      110.24496
824.0      109.79771
826.0      111.63720
828.0      113.25876
830.0      112.51351
832.0      112.28389
834.0      112.75779
836.0      114.48028
838.0      114.24169
840.0      113.62785
842.0      111.95146
844.0      113.45077
846.0      116.02703
848.0      118.45290
850.0      117.50830
852.0      116.40977
854.0      116.40169
856.0      118.28471
858.0      120.21133
860.0      122.22287
862.0      122.80152
864.0      123.50445
866.0      124.02850
868.0      125.45073
870.0      126.04659
872.0      126.44708
874.0      125.82300
876.0      125.54343
878.0      126.52834
880.0      127.95411
882.0      129.33125
884.0      129.53367
886.0      129.73092
888.0      130.32424
890.0      131.78645
892.0      133.28719
894.0      134.13698
896.0      134.15416
898.0      133.96211
900.0      134.73925
902.0      135.88380
904.0      136.60657
906.0      136.88466
908.0      137.70844
910.0      138.61952
912.0      139.00036
914.0      139.02315
916.0      139.35012
918.0      139.40159
920.0      140.39911
922.0      141.84433
924.0      143.16301
926.0      143.67212
928.0      144.10727
930.0      144.58503
932.0      145.73764
934.0      146.62584
936.0      147.22534
938.0      148.04221
940.0      149.52850
942.0      150.78174
944.0      151.27295
946.0      150.34382
948.0      148.98022
950.0      148.80162
952.0      150.19873
954.0      152.52644
956.0      154.13985
958.0      154.39357
960.0      152.58744
962.0      152.49284
964.0      153.30768
966.0      154.74576
968.0      155.05379
970.0      155.66785
972.0      156.08418
974.0      156.11511
976.0      156.30200
978.0      156.78809
980.0      158.01038
982.0      158.77608
984.0      159.28312
986.0      159.88159
988.0      160.59970
990.0      160.83389
992.0      161.19019
994.0      161.46835
996.0      161.86801
998.0      162.41039
1000.0      163.06932
1002.0      163.26514
1004.0      163.46438
1006.0      163.96988
1008.0      164.66431
1010.0      165.37945
1012.0      166.30304
1014.0      167.17094
1016.0      167.76971
1018.0      167.77782
1020.0      167.58678
1022.0      167.68161
1024.0      168.24150
1026.0      168.82675
1028.0      169.12209
1030.0      169.37542
1032.0      169.15019
1034.0      169.00880
1036.0      169.24233
1038.0      170.13194
1040.0      170.82257
1042.0      171.36687
1044.0      171.51508
1046.0      171.37713
1048.0      171.11010
1050.0      171.33930
1052.0      171.96974
1054.0      172.49990
1056.0      173.20233
1058.0      173.88252
1060.0      174.37323
1062.0      174.54445
1064.0      174.85569
1066.0      174.86273
1068.0      174.53643
1070.0      173.74809
1072.0      174.14019
1074.0      174.72194
1076.0      175.08457
1078.0      174.74592
1080.0      175.60442
1082.0      176.51928
1084.0      176.97426
1086.0      176.67490
1088.0      176.55051
1090.0      176.41079
1092.0      176.49438
1094.0      176.47683
1096.0      176.62862
1098.0      176.87267
1100.0      177.39314
1102.0      177.88866
1104.0      178.08610
1106.0      178.10600
1108.0      178.35421
1110.0      178.71505
1112.0      178.90318
1114.0      179.15378
1116.0      179.30936
1118.0      179.06593
1120.0      178.57856
1122.0      178.68220
1124.0      179.12086
1126.0      179.57364
1128.0      179.43893
1130.0      179.31826
1132.0      179.46214
1134.0      179.96799
1136.0      180.27671
1138.0      180.42111
1140.0      180.33743
1142.0      179.97520
1144.0      179.76665
1146.0      179.83174
1148.0      180.09994
1150.0      180.24252
1152.0      180.16526
1154.0      179.57510
1156.0      179.20967
1158.0      179.41428
1160.0      180.08639
1162.0      180.35667
1164.0      180.49907
1166.0      180.43857
1168.0      180.41763
1170.0      180.40188
1172.0      180.40576
1174.0      180.17994
1176.0      179.82239
1178.0      179.54073
1180.0      179.79404
1182.0      179.85373
1184.0      179.81492
1186.0      179.77801
1188.0      179.98156
1190.0      179.90150
1192.0      179.77599
1194.0      179.88876
1196.0      180.10438
1198.0      180.39718
1200.0      180.66861
1202.0      180.74096
1204.0      180.43375
1206.0      180.09856
1208.0      180.14388
1210.0      180.31765
1212.0      180.20270
1214.0      180.12530
1216.0      180.25729
1218.0      180.49023
1220.0      180.69404
1222.0      180.81493
1224.0      180.67420
1226.0      180.27203
1228.0      179.84771
1230.0      179.52854
1232.0      179.44285
1234.0      179.37015
1236.0      179.53957
1238.0      179.43357
1240.0      179.18420
1242.0      178.85688
1244.0      178.66865
1246.0      178.51865
1248.0      178.48385
1250.0      178.51368
1252.0      178.42139
1254.0      178.40663
1256.0      178.42107
1258.0      178.29892
1260.0      178.07956
1262.0      177.73412
1264.0      177.41632
1266.0      177.27500
1268.0      177.20825
1270.0      176.99692
1272.0      176.84147
1274.0      176.68526
1276.0      176.69579
1278.0      176.54791
1280.0      176.34772
1282.0      175.96793
1284.0      175.86673
1286.0      175.65022
1288.0      175.49035
1290.0      175.57043
1292.0      175.88269
1294.0      175.97116
1296.0      175.69864
1298.0      175.37359
1300.0      175.06468
1302.0      174.94153
1304.0      175.04656
1306.0      175.17289
1308.0      175.07595
1310.0      174.77850
1312.0      174.56326
1314.0      174.29992
1316.0      173.95610
1318.0      173.70138
1320.0      173.59134
1322.0      173.57647
1324.0      173.59292
1326.0      173.51201
1328.0      173.14766
1330.0      172.57258
1332.0      172.23416
1334.0      172.10953
1336.0      171.94436
1338.0      171.64762
1340.0      171.39315
1342.0      171.40465
1344.0      171.17152
1346.0      170.87988
1348.0      170.62590
1350.0      170.56540
1352.0      170.39394
1354.0      170.19617
1356.0      169.87715
1358.0      169.38968
1360.0      169.07338
1362.0      168.85120
1364.0      168.44949
1366.0      168.10323
1368.0      167.93861
1370.0      167.80752
1372.0      167.44828
1374.0      167.05924
1376.0      166.70679
1378.0      166.60612
1380.0      166.53122
1382.0      166.44406
1384.0      166.17696
1386.0      165.95015
1388.0      165.59020
1390.0      165.38162
1392.0      165.12438
1394.0      165.00001
1396.0      164.76943
1398.0      164.48484
1400.0      164.29865
1402.0      164.06272
1404.0      163.73194
1406.0      163.31867
1408.0      163.21187
1410.0      163.08442
1412.0      162.86724
1414.0      162.52457
1416.0      162.45550
1418.0      162.50408
1420.0      162.53454
1422.0      162.32200
1424.0      162.01069
1426.0      161.63189
1428.0      161.37880
1430.0      161.30380
1432.0      161.26588
1434.0      161.03717
1436.0      160.85493
1438.0      160.72063
1440.0      160.38863
1442.0      159.92367
1444.0      159.70382
1446.0      159.56379
1448.0      159.36471
1450.0      159.20208
1452.0      159.11561
1454.0      159.09638
1456.0      158.92452
1458.0      158.41820
1460.0      157.78760
1462.0      157.39004
1464.0      157.22725
1466.0      157.15507
1468.0      156.99904
1470.0      156.70945
1472.0      156.47350
1474.0      156.36854
1476.0      156.19796
1478.0      155.87585
1480.0      155.51435
1482.0      155.29048
1484.0      155.08921
1486.0      154.85734
1488.0      154.70346
1490.0      154.53980
1492.0      154.23421
1494.0      154.05991
1496.0      153.99069
1498.0      153.83632
1500.0      153.44193
1502.0      153.12070
1504.0      152.82218
1506.0      152.65185
1508.0      152.19905
1510.0      151.76634
1512.0      151.44030
1514.0      151.39626
1516.0      151.32483
1518.0      151.09435
1520.0      150.75026
1522.0      150.41430
1524.0      150.32130
1526.0      150.20245
1528.0      149.91415
1530.0      149.56957
1532.0      149.28951
1534.0      149.10803
1536.0      148.85007
1538.0      148.56788
1540.0      148.36051
1542.0      148.30880
1544.0      148.28565
1546.0      148.22800
1548.0      148.08121
1550.0      147.77845
1552.0      147.43255
1554.0      147.09112
1556.0      146.78528
1558.0      146.39969
1560.0      146.04883
1562.0      145.87421
1564.0      145.69539
1566.0      145.32573
1568.0      144.86634
1570.0      144.62647
1572.0      144.54948
1574.0      144.46772
1576.0      144.16209
1578.0      143.62210
1580.0      143.19032
1582.0      143.10599
1584.0      143.00922
1586.0      142.76793
1588.0      142.50152
1590.0      142.23536
1592.0      141.99335
1594.0      141.68267
1596.0      141.36650
1598.0      141.17575
1600.0      141.25160
1602.0      141.34838
1604.0      141.19842
1606.0      140.79810
1608.0      140.28156
1610.0      139.81698
1612.0      139.44785
1614.0      139.14007
1616.0      138.78284
1618.0      138.54472
1620.0      138.33062
1622.0      138.30315
1624.0      138.35471
1626.0      138.36471
1628.0      137.98060
1630.0      137.44488
1632.0      136.98196
1634.0      136.52908
1636.0      136.19774
1638.0      136.17100
1640.0      136.17763
1642.0      135.93450
1644.0      135.51190
1646.0      135.02334
1648.0      134.57281
1650.0      134.19538
1652.0      133.86478
1654.0      133.53435
1656.0      133.21124
1658.0      132.99634
1660.0      132.76087
1662.0      132.29213
1664.0      131.62199
1666.0      131.04096
1668.0      130.41429
1670.0      129.95142
1672.0      129.72472
1674.0      129.50334
1676.0      129.05634
1678.0      128.60485
1680.0      128.14048
1682.0      127.39511
1684.0      126.54003
1686.0      125.90029
1688.0      125.46837
1690.0      125.22617
1692.0      124.84418
1694.0      124.46860
1696.0      123.94734
1698.0      123.74786
1700.0      123.64950
1702.0      123.78042
1704.0      123.64444
1706.0      123.36128
1708.0      122.96047
1710.0      122.81967
1712.0      122.72705
1714.0      122.47311
1716.0      122.10245
1718.0      121.77968
1720.0      121.62687
1722.0      121.46906
1724.0      121.45880
1726.0      121.47650
1728.0      121.06001
1730.0      120.48546
1732.0      120.17083
1734.0      120.26502
1736.0      120.32075
1738.0      120.15879
1740.0      119.62575
1742.0      119.06810
1744.0      118.83886
1746.0      118.77417
1748.0      118.58802
1750.0      118.34961
1752.0      117.93262
1754.0      117.49560
1756.0      117.09101
1758.0      116.86409
1760.0      116.57660
1762.0      116.31696
1764.0      116.00656
1766.0      115.60166
1768.0      115.08612
1770.0      114.35475
1772.0      113.78987
1774.0      113.38574
1776.0      113.11632
1778.0      112.62320
1780.0      112.34423
1782.0      112.67660
1784.0      112.12161
1786.0      111.25984
1788.0      110.41825
1790.0      110.34212
1792.0      109.59581
1794.0      109.03303
1796.0      108.38924
1798.0      107.76397
1800.0      107.00911
1802.0      106.43125
1804.0      105.90343
1806.0      105.55072
1808.0      104.99548
1810.0      104.31124
1812.0      103.55510
1814.0      102.87461
1816.0      102.22949
1818.0      101.65811
1820.0      100.96212
1822.0      100.12868
1824.0      99.30313
1826.0      98.61927
1828.0      98.13966
1830.0      97.82981
1832.0      97.40037
1834.0      96.85194
1836.0      96.46119
1838.0      96.00738
1840.0      95.70391
1842.0      95.31102
1844.0      94.82748
1846.0      94.05177
1848.0      93.41037
1850.0      92.91505
1852.0      92.70114
1854.0      92.68394
1856.0      92.52966
1858.0      92.22932
1860.0      91.74950
1862.0      91.20718
1864.0      90.76454
1866.0      90.63925
1868.0      90.75340
1870.0      90.72858
1872.0      90.47648
1874.0      90.07650
1876.0      89.84901
1878.0      89.72539
1880.0      89.33502
1882.0      88.88160
1884.0      88.69948
1886.0      88.76526
1888.0      88.70606
1890.0      88.42651
1892.0      87.84545
1894.0      87.34036
1896.0      87.12803
1898.0      87.21893
1900.0      86.98536
1902.0      86.65362
1904.0      86.17743
1906.0      85.94347
1908.0      85.77202
1910.0      85.70945
1912.0      85.45482
1914.0      85.21187
1916.0      84.80763
1918.0      84.61290
1920.0      84.57437
1922.0      84.52270
1924.0      84.18032
1926.0      83.79621
1928.0      83.62963
1930.0      83.61308
1932.0      83.61275
1934.0      83.47125
1936.0      83.25523
1938.0      83.08732
1940.0      82.83802
1942.0      82.50203
1944.0      82.23362
1946.0      82.40054
1948.0      82.41175
1950.0      82.15398
1952.0      81.72661
1954.0      81.63438
1956.0      81.46156
1958.0      81.16105
1960.0      80.91522
1962.0      80.80508
1964.0      80.65976
1966.0      80.28387
1968.0      80.05130
1970.0      80.02597
1972.0      80.27464
1974.0      80.43421
1976.0      80.48878
1978.0      80.41533
1980.0      80.15955
1982.0      79.70008
1984.0      79.24835
1986.0      78.89910
1988.0      78.57039
1990.0      78.42833
1992.0      78.60591
1994.0      78.63582
1996.0      78.25460
1998.0      77.64737
2000.0      77.11146
2002.0      77.04649
2004.0      77.16468
2006.0      77.22288
2008.0      76.90285
2010.0      76.56566
2012.0      76.50212
2014.0      76.55122
2016.0      76.51610
2018.0      76.17613
2020.0      75.94472
2022.0      75.65009
2024.0      75.51816
2026.0      75.41104
2028.0      75.40376
2030.0      75.19233
2032.0      74.99500
2034.0      74.82190
2036.0      74.81037
2038.0      74.61969
2040.0      74.42175
2042.0      74.21985
2044.0      74.23171
2046.0      74.11630
2048.0      73.97760
2050.0      73.63718
2052.0      73.39958
2054.0      73.27818
2056.0      73.24683
2058.0      73.02538
2060.0      72.72521
2062.0      72.33804
2064.0      72.15212
2066.0      71.99018
2068.0      71.88492
2070.0      71.73245
2072.0      71.75439
2074.0      71.72938
2076.0      71.55873
2078.0      71.26604
2080.0      70.93469
2082.0      70.72024
2084.0      70.52453
2086.0      70.32757
2088.0      70.18843
2090.0      70.25213
2092.0      70.34841
2094.0      70.34581
2096.0      70.18805
2098.0      69.96437
2100.0      69.63407
2102.0      69.35157
2104.0      69.23518
2106.0      69.27196
2108.0      69.22473
2110.0      69.17880
2112.0      69.12288
2114.0      69.04275
2116.0      68.89087
2118.0      68.75223
2120.0      68.58431
2122.0      68.43840
2124.0      68.32393
2126.0      68.12221
2128.0      67.91934
2130.0      67.79340
2132.0      67.88080
2134.0      68.10036
2136.0      68.10312
2138.0      67.81736
2140.0      67.32147
2142.0      66.90950
2144.0      66.66027
2146.0      66.77320
2148.0      66.90967
2150.0      66.93481
2152.0      66.83864
2154.0      66.63159
2156.0      66.24310
2158.0      66.12715
2160.0      66.23006
2162.0      66.32997
2164.0      66.25558
2166.0      66.16132
2168.0      66.02826
2170.0      65.83781
2172.0      65.63526
2174.0      65.45967
2176.0      65.44184
2178.0      65.64152
2180.0      65.90791
2182.0      65.92401
2184.0      65.68538
2186.0      65.34365
2188.0      65.10911
2190.0      64.96107
2192.0      64.98974
2194.0      64.96229
2196.0      64.91934
2198.0      64.81589
2200.0      64.69634
2202.0      64.54400
2204.0      64.39314
2206.0      64.01462
2208.0      63.59487
2210.0      63.49541
2212.0      63.54612
2214.0      63.50773
2216.0      63.40660
2218.0      63.39031
2220.0      63.13294
2222.0      62.90839
2224.0      62.86858
2226.0      63.05225
2228.0      63.08311
2230.0      62.83359
2232.0      62.55468
2234.0      62.43789
2236.0      62.39621
2238.0      62.21058
2240.0      62.07524
2242.0      62.05065
2244.0      62.25801
2246.0      62.41978
2248.0      62.30766
2250.0      61.65887
2252.0      61.14198
2254.0      60.90098
2256.0      60.76717
2258.0      60.66117
2260.0      60.63696
2262.0      60.50923
2264.0      60.52459
2266.0      60.79827
2268.0      60.74609
2270.0      60.21386
2272.0      59.87777
2274.0      59.83668
2276.0      60.06700
2278.0      60.26208
2280.0      60.19251
2282.0      59.67619
2284.0      59.40594
2286.0      59.22376
2288.0      59.03255
2290.0      58.84439
2292.0      58.99251
2294.0      59.07190
2296.0      59.04468
2298.0      58.85110
2300.0      58.50657
2302.0      58.28417
2304.0      58.26775
2306.0      58.35537
2308.0      58.19129
2310.0      57.97531
2312.0      57.52881
2314.0      57.25779
2316.0      57.19566
2318.0      57.39253
2320.0      57.19366
2322.0      56.84688
2324.0      56.45508
2326.0      56.47313
2328.0      56.63168
2330.0      56.70501
2332.0      56.56440
2334.0      56.35619
2336.0      56.35011
2338.0      56.36660
2340.0      56.15321
2342.0      55.79926
2344.0      55.60236
2346.0      55.47298
2348.0      55.27872
2350.0      55.15133
2352.0      55.11384
2354.0      54.91218
2356.0      54.56534
2358.0      54.23511
2360.0      54.15787
2362.0      54.30424
2364.0      54.51812
2366.0      54.50628
2368.0      54.21170
2370.0      53.81337
2372.0      53.47109
2374.0      53.23675
2376.0      52.75403
2378.0      52.25043
2380.0      51.94845
2382.0      52.02319
2384.0      52.36464
2386.0      52.50129
2388.0      52.45371
2390.0      52.19139
2392.0      52.11605
2394.0      51.71536
2396.0      51.01021
2398.0      50.16727
2400.0      49.84031
2402.0      50.04500
2404.0      50.44474
2406.0      50.76900
2408.0      50.78555
2410.0      50.60820
2412.0      50.35337
2414.0      50.21413
2416.0      49.82425
2418.0      49.49675
2420.0      49.25837
2422.0      49.24865
2424.0      49.26480
2426.0      49.12948
2428.0      48.92958
2430.0      48.80726
2432.0      49.01243
2434.0      49.06608
2436.0      48.92805
2438.0      48.49043
2440.0      48.09659
2442.0      48.03301
2444.0      48.07588
2446.0      47.97353
2448.0      47.77183
2450.0      47.71306
2452.0      47.55257
2454.0      47.37245
2456.0      47.37045
2458.0      47.43526
2460.0      47.39797
2462.0      47.28354
2464.0      47.12213
2466.0      47.11125
2468.0      47.09894
2470.0      46.83890
2472.0      46.41047
2474.0      46.25621
2476.0      46.26129
2478.0      46.51460
2480.0      46.88356
2482.0      47.06248
2484.0      46.85889
2486.0      46.80539
2488.0      46.90462
2490.0      46.92333
2492.0      46.56237
2494.0      46.05579
2496.0      46.55048
2498.0      47.37237
2500.0      47.64370
