800.0      660.77512
802.0      664.14993
804.0      665.59470
806.0      668.68444
808.0      671.49545
810.0      671.30412
812.0      670.54238
814.0      670.88186
816.0      672.62584
818.0      676.13557
820.0      678.28799
822.0      676.69791
824.0      676.75123
826.0      680.78197
828.0      684.75870
830.0      685.40987
832.0      687.73411
834.0      689.24261
836.0      689.18058
838.0      687.39446
840.0      687.38571
842.0      688.21602
844.0      690.33056
846.0      693.29017
848.0      695.65108
850.0      693.95739
852.0      697.16823
854.0      701.45285
856.0      703.61208
858.0      701.09775
860.0      703.42409
862.0      705.37824
864.0      705.59164
866.0      704.41186
868.0      704.11848
870.0      705.01186
872.0      707.27115
874.0      708.16713
876.0      708.69131
878.0      708.31501
880.0      708.20740
882.0      709.21350
884.0      710.69257
886.0      711.19593
888.0      711.21275
890.0      713.14357
892.0      715.70337
894.0      718.18210
896.0      719.20752
898.0      717.63514
900.0      716.12277
902.0      716.71114
904.0      716.18007
906.0      719.60341
908.0      721.57013
910.0      722.52730
912.0      719.33844
914.0      720.05394
916.0      719.71316
918.0      719.90593
920.0      720.97613
922.0      721.73152
924.0      721.72677
926.0      721.90324
928.0      722.96062
930.0      724.34319
932.0      724.64092
934.0      724.30137
936.0      723.93185
938.0      724.71396
940.0      726.12018
942.0      727.16034
944.0      726.39689
946.0      724.68407
948.0      722.86415
950.0      721.88857
952.0      722.53821
954.0      725.30384
956.0      728.10088
958.0      729.29111
960.0      726.09236
962.0      726.86706
964.0      727.29692
966.0      727.55662
968.0      724.63373
970.0      726.26725
972.0      727.41393
974.0      726.91514
976.0      725.08006
978.0      724.23533
980.0      724.79320
982.0      725.57671
984.0      725.84400
986.0      725.98513
988.0      726.10664
990.0      725.30381
992.0      724.34304
994.0      723.50187
996.0      723.86542
998.0      723.65516
1000.0      723.57788
1002.0      723.30579
1004.0      723.66416
1006.0      723.76385
1008.0      723.42339
1010.0      722.86824
1012.0      722.74707
1014.0      722.16265
1016.0      721.99217
1018.0      721.60701
1020.0      721.15801
1022.0      720.02652
1024.0      719.30312
1026.0      718.51961
1028.0      717.98176
1030.0      717.96393
1032.0      717.48776
1034.0      716.59964
1036.0      716.03199
1038.0      715.58368
1040.0      715.08092
1042.0      714.53354
1044.0      714.36891
1046.0      713.93118
1048.0      713.55313
1050.0      712.95393
1052.0      712.48151
1054.0      711.51258
1056.0      710.70488
1058.0      710.27426
1060.0      709.61207
1062.0      708.28905
1064.0      707.22048
1066.0      706.52998
1068.0      704.64026
1070.0      704.11186
1072.0      704.33415
1074.0      704.17971
1076.0      702.67886
1078.0      702.17843
1080.0      701.83705
1082.0      701.36826
1084.0      700.61387
1086.0      699.34377
1088.0      698.13211
1090.0      697.31829
1092.0      697.19416
1094.0      696.69838
1096.0      695.43487
1098.0      693.94465
1100.0      692.52635
1102.0      691.67364
1104.0      690.26722
1106.0      689.06926
1108.0      688.15723
1110.0      687.90877
1112.0      687.06044
1114.0      685.80611
1116.0      684.35168
1118.0      682.73600
1120.0      681.48624
1122.0      681.03137
1124.0      680.31533
1126.0      679.92391
1128.0      678.81075
1130.0      677.41019
1132.0      675.57815
1134.0      674.97865
1136.0      674.50362
1138.0      674.04057
1140.0      673.38568
1142.0      672.24022
1144.0      670.67142
1146.0      668.98865
1148.0      667.50592
1150.0      666.30135
1152.0      665.59147
1154.0      664.90636
1156.0      664.02006
1158.0      663.21168
1160.0      661.91132
1162.0      660.05764
1164.0      658.88503
1166.0      658.26503
1168.0      657.07475
1170.0      655.62729
1172.0      654.71310
1174.0      653.98551
1176.0      652.71454
1178.0      650.98828
1180.0      651.15934
1182.0      650.89955
1184.0      649.54253
1186.0      646.85230
1188.0      645.47714
1190.0      643.96439
1192.0      642.68043
1194.0      641.74966
1196.0      640.67992
1198.0      639.46121
1200.0      638.68136
1202.0      638.15003
1204.0      637.01969
1206.0      635.45269
1208.0      634.28396
1210.0      633.26114
1212.0      631.83639
1214.0      630.37996
1216.0      629.35206
1218.0      628.42967
1220.0      627.32776
1222.0      626.13518
1224.0      624.99883
1226.0      623.79905
1228.0      622.64133
1230.0      621.40976
1232.0      620.29479
1234.0      619.05509
1236.0      617.61485
1238.0      615.67175
1240.0      614.12582
1242.0      612.93534
1244.0      611.96650
1246.0      610.95878
1248.0      609.97762
1250.0      608.72222
1252.0      607.28055
1254.0      605.98008
1256.0      604.98871
1258.0      604.07340
1260.0      603.00953
1262.0      601.74041
1264.0      600.22515
1266.0      598.68093
1268.0      597.46825
1270.0      596.29250
1272.0      595.28849
1274.0      594.26148
1276.0      593.46785
1278.0      592.30636
1280.0      591.17464
1282.0      589.65121
1284.0      588.46705
1286.0      587.01601
1288.0      585.59798
1290.0      583.83742
1292.0      582.50942
1294.0      581.36227
1296.0      580.12941
1298.0      579.09014
1300.0      578.49567
1302.0      577.88194
1304.0      576.56188
1306.0      575.06326
1308.0      573.20953
1310.0      571.37602
1312.0      570.04306
1314.0      569.31736
1316.0      568.21234
1318.0      567.19082
1320.0      566.14483
1322.0      564.99678
1324.0      563.58297
1326.0      562.07149
1328.0      560.68443
1330.0      559.48026
1332.0      558.41815
1334.0      557.43508
1336.0      556.16757
1338.0      554.73803
1340.0      553.10449
1342.0      552.28475
1344.0      550.97378
1346.0      549.69944
1348.0      548.23783
1350.0      547.15240
1352.0      545.43112
1354.0      544.16801
1356.0      543.09815
1358.0      542.09056
1360.0      540.89700
1362.0      540.22201
1364.0      538.90439
1366.0      537.31676
1368.0      535.36368
1370.0      533.99156
1372.0      532.83343
1374.0      531.90446
1376.0      530.99644
1378.0      530.01086
1380.0      528.86538
1382.0      527.51792
1384.0      526.35662
1386.0      525.18491
1388.0      523.80157
1390.0      522.74571
1392.0      521.69936
1394.0      520.98992
1396.0      520.00347
1398.0      518.82548
1400.0      517.17880
1402.0      515.56923
1404.0      514.03251
1406.0      513.02572
1408.0      512.56614
1410.0      512.27717
1412.0      511.45510
1414.0      509.89264
1416.0      508.38989
1418.0      507.17613
1420.0      506.14109
1422.0      504.97827
1424.0      503.87228
1426.0      502.71720
1428.0      501.72543
1430.0      501.04104
1432.0      500.17282
1434.0      498.88204
1436.0      497.51336
1438.0      496.41234
1440.0      495.27280
1442.0      494.06517
1444.0      492.88799
1446.0      491.84049
1448.0      490.89663
1450.0      489.87630
1452.0      488.88237
1454.0      487.66898
1456.0      486.70455
1458.0      485.55169
1460.0      484.69624
1462.0      483.80041
1464.0      482.92035
1466.0      481.92846
1468.0      480.80334
1470.0      479.56546
1472.0      478.18115
1474.0      476.90042
1476.0      475.64327
1478.0      474.55187
1480.0      473.48933
1482.0      472.58518
1484.0      471.33924
1486.0      470.11643
1488.0      469.19634
1490.0      468.56801
1492.0      467.48504
1494.0      466.30701
1496.0      465.40526
1498.0      464.43189
1500.0      463.36926
1502.0      462.45794
1504.0      461.91642
1506.0      461.31978
1508.0      459.63353
1510.0      457.67932
1512.0      456.18612
1514.0      455.38321
1516.0      454.48726
1518.0      453.56661
1520.0      452.54594
1522.0      451.24298
1524.0      450.33040
1526.0      449.67797
1528.0      448.84227
1530.0      447.45139
1532.0      446.06192
1534.0      444.93425
1536.0      443.99653
1538.0      443.14319
1540.0      442.73132
1542.0      442.02263
1544.0      440.72353
1546.0      439.08095
1548.0      437.90903
1550.0      436.79574
1552.0      435.74924
1554.0      434.55284
1556.0      433.41753
1558.0      432.46942
1560.0      432.32877
1562.0      431.84641
1564.0      430.58836
1566.0      428.67097
1568.0      427.22812
1570.0      426.05897
1572.0      425.19703
1574.0      424.44572
1576.0      423.57314
1578.0      422.53367
1580.0      421.43108
1582.0      420.47885
1584.0      419.20485
1586.0      417.86126
1588.0      416.72513
1590.0      415.97371
1592.0      415.06475
1594.0      414.29140
1596.0      413.46650
1598.0      412.73772
1600.0      411.78880
1602.0      410.84855
1604.0      409.79133
1606.0      408.65759
1608.0      407.54045
1610.0      406.48595
1612.0      405.37986
1614.0      404.23743
1616.0      403.00795
1618.0      402.06390
1620.0      401.07282
1622.0      400.19913
1624.0      399.40889
1626.0      398.54467
1628.0      397.50660
1630.0      396.69135
1632.0      395.93730
1634.0      394.50283
1636.0      392.86950
1638.0      391.72725
1640.0      391.19684
1642.0      390.86331
1644.0      390.32907
1646.0      389.32587
1648.0      388.21528
1650.0      386.88879
1652.0      385.60027
1654.0      384.26647
1656.0      383.12167
1658.0      382.05203
1660.0      381.23099
1662.0      380.31938
1664.0      379.52856
1666.0      378.61970
1668.0      377.41671
1670.0      376.89469
1672.0      375.34731
1674.0      373.80686
1676.0      372.39887
1678.0      372.44706
1680.0      371.48997
1682.0      370.40204
1684.0      369.27014
1686.0      368.34130
1688.0      367.34154
1690.0      366.10221
1692.0      365.04674
1694.0      364.06837
1696.0      363.19320
1698.0      362.29156
1700.0      361.50284
1702.0      360.50723
1704.0      359.31068
1706.0      357.93929
1708.0      356.93309
1710.0      355.99967
1712.0      355.03326
1714.0      353.78434
1716.0      352.68927
1718.0      352.04918
1720.0      351.78729
1722.0      351.27197
1724.0      350.13678
1726.0      348.53041
1728.0      347.23595
1730.0      346.24339
1732.0      345.44181
1734.0      344.25614
1736.0      343.43499
1738.0      342.57103
1740.0      341.75044
1742.0      340.78521
1744.0      340.06829
1746.0      339.41909
1748.0      338.75844
1750.0      337.88631
1752.0      336.78813
1754.0      335.40018
1756.0      333.95933
1758.0      332.88438
1760.0      332.19693
1762.0      331.41806
1764.0      330.45433
1766.0      329.34406
1768.0      328.30547
1770.0      327.43508
1772.0      326.95636
1774.0      326.31673
1776.0      325.15908
1778.0      323.75623
1780.0      323.30316
1782.0      322.50789
1784.0      321.48993
1786.0      320.58497
1788.0      319.95426
1790.0      318.36993
1792.0      316.37193
1794.0      315.05188
1796.0      314.48866
1798.0      314.05534
1800.0      313.33375
1802.0      312.14513
1804.0      311.01538
1806.0      309.98087
1808.0      309.29342
1810.0      308.36125
1812.0      307.28306
1814.0      305.93791
1816.0      304.81974
1818.0      303.83852
1820.0      303.02995
1822.0      301.74591
1824.0      300.39486
1826.0      298.94150
1828.0      297.91413
1830.0      297.22470
1832.0      296.51106
1834.0      295.49043
1836.0      294.71543
1838.0      293.82793
1840.0      293.00454
1842.0      291.78888
1844.0      290.82316
1846.0      289.65403
1848.0      288.71997
1850.0      287.75277
1852.0      287.14720
1854.0      286.45575
1856.0      285.62963
1858.0      284.70179
1860.0      283.84842
1862.0      282.95653
1864.0      281.97249
1866.0      280.78472
1868.0      279.79664
1870.0      279.03461
1872.0      278.29478
1874.0      277.54678
1876.0      276.72086
1878.0      275.92945
1880.0      274.99691
1882.0      274.09374
1884.0      273.08351
1886.0      272.33372
1888.0      271.79190
1890.0      271.36702
1892.0      270.70774
1894.0      269.95042
1896.0      269.34051
1898.0      268.81300
1900.0      268.04831
1902.0      266.85760
1904.0      265.61667
1906.0      264.96021
1908.0      264.68346
1910.0      264.18933
1912.0      263.41785
1914.0      262.64219
1916.0      261.66928
1918.0      260.56668
1920.0      259.61747
1922.0      258.77363
1924.0      258.39254
1926.0      257.93902
1928.0      257.43374
1930.0      256.49511
1932.0      255.62581
1934.0      254.76147
1936.0      254.04459
1938.0      253.36178
1940.0      252.85966
1942.0      252.30156
1944.0      251.49144
1946.0      250.82278
1948.0      250.26972
1950.0      249.74492
1952.0      248.99024
1954.0      248.59801
1956.0      247.85903
1958.0      247.05069
1960.0      246.29231
1962.0      245.88104
1964.0      245.40673
1966.0      244.60588
1968.0      243.82628
1970.0      243.14174
1972.0      242.57506
1974.0      241.43757
1976.0      240.17788
1978.0      239.44029
1980.0      239.02703
1982.0      238.62032
1984.0      238.35077
1986.0      238.07667
1988.0      237.45231
1990.0      236.74712
1992.0      236.08708
1994.0      235.46386
1996.0      234.73724
1998.0      234.40521
2000.0      234.38148
2002.0      233.52718
2004.0      232.23933
2006.0      231.51167
2008.0      231.57979
2010.0      231.04019
2012.0      230.62467
2014.0      230.02078
2016.0      229.02160
2018.0      227.86632
2020.0      227.46874
2022.0      227.06173
2024.0      226.21984
2026.0      225.34370
2028.0      224.86887
2030.0      224.48364
2032.0      223.95396
2034.0      223.46158
2036.0      222.99015
2038.0      222.50628
2040.0      221.95966
2042.0      221.50348
2044.0      221.12370
2046.0      220.59359
2048.0      219.88150
2050.0      219.19415
2052.0      218.60863
2054.0      217.96857
2056.0      217.48118
2058.0      217.11806
2060.0      216.84495
2062.0      216.20775
2064.0      215.64407
2066.0      214.84590
2068.0      214.07568
2070.0      213.22703
2072.0      213.04758
2074.0      212.81997
2076.0      212.57615
2078.0      212.17142
2080.0      211.73551
2082.0      210.98341
2084.0      210.28247
2086.0      209.84382
2088.0      209.73046
2090.0      209.50603
2092.0      209.07779
2094.0      208.72858
2096.0      208.60802
2098.0      208.36353
2100.0      207.73311
2102.0      206.76964
2104.0      205.93374
2106.0      205.43455
2108.0      205.19141
2110.0      205.23216
2112.0      204.66197
2114.0      203.98265
2116.0      203.50304
2118.0      203.39163
2120.0      202.64733
2122.0      201.88633
2124.0      201.28789
2126.0      200.66668
2128.0      200.25855
2130.0      199.87499
2132.0      199.61513
2134.0      199.41472
2136.0      199.28274
2138.0      198.71699
2140.0      198.21934
2142.0      197.97424
2144.0      197.90867
2146.0      197.66463
2148.0      197.24291
2150.0      196.64739
2152.0      196.07668
2154.0      195.57945
2156.0      194.99519
2158.0      194.36343
2160.0      193.73555
2162.0      193.20745
2164.0      192.82353
2166.0      192.58644
2168.0      192.11668
2170.0      191.94271
2172.0      192.00514
2174.0      191.90410
2176.0      191.29672
2178.0      190.82568
2180.0      190.37350
2182.0      189.73302
2184.0      188.99854
2186.0      188.74665
2188.0      188.79778
2190.0      188.93286
2192.0      188.82210
2194.0      188.55826
2196.0      188.01998
2198.0      187.51523
2200.0      186.97296
2202.0      186.41800
2204.0      185.78567
2206.0      185.28317
2208.0      184.80375
2210.0      184.64944
2212.0      184.43210
2214.0      183.96248
2216.0      183.28513
2218.0      182.81985
2220.0      182.27299
2222.0      181.90539
2224.0      181.78209
2226.0      181.78246
2228.0      181.52646
2230.0      181.04448
2232.0      180.50149
2234.0      180.15605
2236.0      179.72433
2238.0      179.12490
2240.0      178.55609
2242.0      178.07368
2244.0      177.54273
2246.0      177.17375
2248.0      177.04568
2250.0      176.88870
2252.0      176.49944
2254.0      176.05218
2256.0      175.65850
2258.0      175.47872
2260.0      175.15301
2262.0      174.56174
2264.0      173.93428
2266.0      173.62781
2268.0      173.49190
2270.0      173.11416
2272.0      172.59418
2274.0      172.13770
2276.0      172.00091
2278.0      171.58568
2280.0      170.89791
2282.0      169.88842
2284.0      169.63525
2286.0      169.26913
2288.0      168.89429
2290.0      168.15949
2292.0      167.94592
2294.0      167.52547
2296.0      166.93981
2298.0      166.29637
2300.0      165.95150
2302.0      165.96664
2304.0      166.05262
2306.0      165.65576
2308.0      164.68259
2310.0      163.79032
2312.0      163.32666
2314.0      162.94913
2316.0      162.42582
2318.0      162.09743
2320.0      162.05630
2322.0      161.96181
2324.0      161.45460
2326.0      160.91137
2328.0      160.43687
2330.0      159.87743
2332.0      159.21652
2334.0      158.51698
2336.0      158.21032
2338.0      157.85482
2340.0      157.40676
2342.0      156.97143
2344.0      156.88676
2346.0      156.33036
2348.0      155.62221
2350.0      155.00723
2352.0      154.69171
2354.0      154.13797
2356.0      153.51494
2358.0      152.87322
2360.0      152.44750
2362.0      152.25313
2364.0      151.99218
2366.0      151.39605
2368.0      150.42524
2370.0      149.60202
2372.0      149.10388
2374.0      148.60242
2376.0      147.99931
2378.0      147.37728
2380.0      146.97044
2382.0      146.48580
2384.0      145.90164
2386.0      145.39307
2388.0      145.08644
2390.0      144.76251
2392.0      144.51788
2394.0      144.14240
2396.0      143.60274
2398.0      143.16371
2400.0      143.13648
2402.0      142.68047
2404.0      141.91900
2406.0      141.14677
2408.0      140.62209
2410.0      140.25994
2412.0      140.15043
2414.0      139.75377
2416.0      138.94885
2418.0      138.36976
2420.0      138.03270
2422.0      137.60243
2424.0      137.06825
2426.0      136.60983
2428.0      136.01229
2430.0      135.36799
2432.0      134.90043
2434.0      134.64231
2436.0      134.38786
2438.0      133.73655
2440.0      133.00959
2442.0      132.75316
2444.0      132.73464
2446.0      132.38697
2448.0      132.17164
2450.0      132.22648
2452.0      131.98984
2454.0      131.40145
2456.0      131.04955
2458.0      130.91936
2460.0      130.62000
2462.0      130.06019
2464.0      129.86005
2466.0      129.99406
2468.0      130.11995
2470.0      129.76687
2472.0      129.08475
2474.0      128.69606
2476.0      128.68589
2478.0      128.82396
2480.0      128.53243
2482.0      128.24377
2484.0      128.00186
2486.0      127.94596
2488.0      128.05006
2490.0      127.97096
2492.0      127.51983
2494.0      127.28630
2496.0      127.42949
2498.0      127.73171
2500.0      127.88511
