800.0      827.42211
802.0      825.07219
804.0      827.05539
806.0      829.62592
808.0      829.28498
810.0      825.27507
812.0      823.04681
814.0      824.00855
816.0      829.07836
818.0      837.73753
820.0      844.29684
822.0      845.46588
824.0      845.33112
826.0      845.50764
828.0      844.83832
830.0      843.25346
832.0      847.93703
834.0      853.73883
836.0      856.57441
838.0      854.38682
840.0      851.98152
842.0      850.64424
844.0      853.34158
846.0      859.46848
848.0      863.33998
850.0      859.21581
852.0      860.50490
854.0      863.54641
856.0      863.63474
858.0      857.89513
860.0      859.32819
862.0      862.56443
864.0      864.27264
866.0      864.37406
868.0      863.02917
870.0      863.11423
872.0      866.08585
874.0      869.68377
876.0      871.23925
878.0      870.28348
880.0      868.72285
882.0      869.31382
884.0      869.91512
886.0      869.62402
888.0      867.16106
890.0      866.07340
892.0      866.61225
894.0      870.24763
896.0      873.79050
898.0      874.61971
900.0      874.88380
902.0      875.54796
904.0      873.56771
906.0      876.59104
908.0      877.91353
910.0      877.42979
912.0      872.54909
914.0      874.02100
916.0      875.14660
918.0      876.25174
920.0      877.20066
922.0      877.60943
924.0      876.31892
926.0      875.07169
928.0      875.55829
930.0      877.06364
932.0      877.13115
934.0      876.53011
936.0      876.07859
938.0      876.85741
940.0      878.22405
942.0      879.04821
944.0      878.38651
946.0      877.72029
948.0      876.96870
950.0      875.22004
952.0      874.54955
954.0      875.86318
956.0      877.84808
958.0      877.70356
960.0      872.76737
962.0      873.28532
964.0      874.38413
966.0      874.73660
968.0      870.83770
970.0      872.26427
972.0      873.41057
974.0      872.93812
976.0      871.55943
978.0      870.92638
980.0      871.46688
982.0      871.41024
984.0      870.20819
986.0      868.85925
988.0      868.36890
990.0      867.45088
992.0      866.51822
994.0      865.73485
996.0      866.22762
998.0      866.36293
1000.0      865.50619
1002.0      864.11183
1004.0      863.24064
1006.0      863.20589
1008.0      862.80480
1010.0      862.53842
1012.0      861.81528
1014.0      860.29035
1016.0      859.83069
1018.0      859.76062
1020.0      859.60997
1022.0      858.27776
1024.0      857.60744
1026.0      856.49047
1028.0      855.74971
1030.0      855.75777
1032.0      855.31541
1034.0      853.84023
1036.0      852.36620
1038.0      851.01468
1040.0      849.86326
1042.0      849.33845
1044.0      849.51253
1046.0      848.64852
1048.0      847.41015
1050.0      845.90835
1052.0      844.97995
1054.0      843.71314
1056.0      842.76196
1058.0      842.00691
1060.0      841.39020
1062.0      840.33448
1064.0      839.39922
1066.0      838.61099
1068.0      836.45684
1070.0      834.99766
1072.0      833.98465
1074.0      832.75006
1076.0      830.38498
1078.0      829.30124
1080.0      829.18532
1082.0      829.35401
1084.0      828.62474
1086.0      826.87902
1088.0      824.61051
1090.0      822.43210
1092.0      821.20171
1094.0      820.81033
1096.0      819.89659
1098.0      818.88033
1100.0      817.63786
1102.0      816.58439
1104.0      814.89631
1106.0      813.86112
1108.0      812.73705
1110.0      811.61354
1112.0      809.81196
1114.0      808.26837
1116.0      806.98356
1118.0      806.02290
1120.0      804.70466
1122.0      803.54888
1124.0      801.75948
1126.0      800.64995
1128.0      799.09641
1130.0      797.62562
1132.0      795.43621
1134.0      793.81810
1136.0      792.52547
1138.0      791.68628
1140.0      791.01666
1142.0      789.79479
1144.0      788.29483
1146.0      786.44749
1148.0      784.96925
1150.0      783.48840
1152.0      782.07850
1154.0      780.57186
1156.0      779.44029
1158.0      778.32993
1160.0      776.73531
1162.0      774.55449
1164.0      773.22948
1166.0      772.14537
1168.0      770.70935
1170.0      769.06206
1172.0      767.94421
1174.0      766.95097
1176.0      765.30955
1178.0      763.07401
1180.0      762.17473
1182.0      761.28729
1184.0      759.75003
1186.0      757.62519
1188.0      756.38628
1190.0      754.90676
1192.0      753.06017
1194.0      751.69815
1196.0      749.98430
1198.0      748.38322
1200.0      747.20533
1202.0      746.51564
1204.0      744.75848
1206.0      742.52378
1208.0      740.96401
1210.0      739.78373
1212.0      738.06542
1214.0      736.29760
1216.0      734.86078
1218.0      733.79565
1220.0      732.74236
1222.0      731.63027
1224.0      730.33012
1226.0      728.77260
1228.0      726.92671
1230.0      725.27602
1232.0      723.83830
1234.0      722.78069
1236.0      721.37532
1238.0      719.46787
1240.0      717.52450
1242.0      716.07649
1244.0      714.54960
1246.0      713.11533
1248.0      712.05052
1250.0      710.82258
1252.0      709.31876
1254.0      707.65293
1256.0      705.74236
1258.0      703.93175
1260.0      702.38782
1262.0      700.97132
1264.0      699.65749
1266.0      698.19688
1268.0      696.64768
1270.0      694.81105
1272.0      693.31614
1274.0      691.85905
1276.0      690.64340
1278.0      689.07492
1280.0      687.40022
1282.0      685.72396
1284.0      684.68552
1286.0      683.60526
1288.0      682.34581
1290.0      680.38170
1292.0      678.79229
1294.0      677.45271
1296.0      676.05622
1298.0      674.38787
1300.0      672.79943
1302.0      671.24736
1304.0      669.65149
1306.0      668.45501
1308.0      667.05523
1310.0      665.13034
1312.0      663.47843
1314.0      662.09779
1316.0      660.56050
1318.0      659.06954
1320.0      657.74080
1322.0      656.25789
1324.0      654.58915
1326.0      653.22532
1328.0      652.10571
1330.0      650.98204
1332.0      649.71925
1334.0      648.35289
1336.0      646.51023
1338.0      644.33403
1340.0      642.20532
1342.0      640.89215
1344.0      639.65751
1346.0      638.63461
1348.0      637.37964
1350.0      636.21341
1352.0      634.55189
1354.0      633.07819
1356.0      631.37815
1358.0      629.65666
1360.0      628.19436
1362.0      627.50906
1364.0      626.28665
1366.0      624.47337
1368.0      622.47067
1370.0      620.97419
1372.0      619.58574
1374.0      617.91189
1376.0      616.25253
1378.0      614.97303
1380.0      613.92717
1382.0      612.64627
1384.0      611.30143
1386.0      610.00224
1388.0      608.48926
1390.0      607.44173
1392.0      606.17178
1394.0      605.14005
1396.0      603.81015
1398.0      602.18819
1400.0      600.48071
1402.0      598.88718
1404.0      597.31330
1406.0      595.74249
1408.0      594.53632
1410.0      593.30710
1412.0      591.75425
1414.0      590.28480
1416.0      589.22730
1418.0      588.41287
1420.0      587.30497
1422.0      585.90552
1424.0      584.50370
1426.0      583.29079
1428.0      582.17567
1430.0      581.32473
1432.0      580.31097
1434.0      578.86674
1436.0      577.37779
1438.0      576.21596
1440.0      575.03698
1442.0      573.55123
1444.0      572.19723
1446.0      570.85905
1448.0      569.42737
1450.0      567.91610
1452.0      566.99003
1454.0      565.32997
1456.0      563.68761
1458.0      561.87852
1460.0      560.93063
1462.0      559.74948
1464.0      558.62813
1466.0      557.24676
1468.0      555.81355
1470.0      554.57976
1472.0      553.54221
1474.0      552.69051
1476.0      551.68306
1478.0      550.26233
1480.0      548.66604
1482.0      547.51823
1484.0      546.35958
1486.0      545.09070
1488.0      544.02307
1490.0      542.84870
1492.0      541.17325
1494.0      539.81433
1496.0      539.05256
1498.0      537.99695
1500.0      536.55139
1502.0      535.40478
1504.0      534.64512
1506.0      533.63322
1508.0      532.52008
1510.0      530.91348
1512.0      529.27631
1514.0      527.37092
1516.0      526.07894
1518.0      524.77180
1520.0      523.58198
1522.0      522.22472
1524.0      521.16926
1526.0      520.25411
1528.0      519.09638
1530.0      517.68030
1532.0      516.51193
1534.0      515.30223
1536.0      514.10364
1538.0      512.59013
1540.0      511.60002
1542.0      510.51945
1544.0      509.50161
1546.0      508.10348
1548.0      507.08660
1550.0      505.78943
1552.0      504.43635
1554.0      503.01127
1556.0      501.70770
1558.0      500.15774
1560.0      498.93849
1562.0      498.02026
1564.0      497.22434
1566.0      496.07544
1568.0      494.90605
1570.0      493.53043
1572.0      492.18693
1574.0      490.99525
1576.0      489.92167
1578.0      488.59796
1580.0      487.32152
1582.0      486.38673
1584.0      485.25650
1586.0      483.70150
1588.0      482.37110
1590.0      481.36295
1592.0      480.25814
1594.0      478.99115
1596.0      477.85031
1598.0      476.69477
1600.0      475.46955
1602.0      474.42049
1604.0      473.47618
1606.0      472.34030
1608.0      471.15383
1610.0      470.14300
1612.0      468.88588
1614.0      467.34048
1616.0      465.67781
1618.0      464.15264
1620.0      462.79822
1622.0      461.91457
1624.0      461.43655
1626.0      460.73640
1628.0      459.60315
1630.0      458.40293
1632.0      457.25734
1634.0      455.78578
1636.0      454.27453
1638.0      453.10450
1640.0      452.20026
1642.0      451.16517
1644.0      449.93113
1646.0      448.68943
1648.0      447.53867
1650.0      446.16752
1652.0      444.63308
1654.0      443.37385
1656.0      442.29494
1658.0      441.48396
1660.0      440.81758
1662.0      440.02368
1664.0      438.87007
1666.0      437.71376
1668.0      436.23062
1670.0      434.87407
1672.0      434.47348
1674.0      433.06189
1676.0      431.22871
1678.0      430.02434
1680.0      429.94805
1682.0      428.81657
1684.0      427.44597
1686.0      426.31406
1688.0      425.19839
1690.0      423.79592
1692.0      422.42558
1694.0      421.21519
1696.0      419.96748
1698.0      418.47308
1700.0      417.00209
1702.0      415.72987
1704.0      414.58111
1706.0      413.64447
1708.0      412.91145
1710.0      411.99142
1712.0      410.77828
1714.0      409.21992
1716.0      407.68956
1718.0      406.70546
1720.0      406.20554
1722.0      405.58011
1724.0      404.55908
1726.0      403.10571
1728.0      401.35295
1730.0      399.85580
1732.0      398.78694
1734.0      397.69660
1736.0      396.77239
1738.0      395.90189
1740.0      395.00622
1742.0      394.07037
1744.0      393.18952
1746.0      392.22543
1748.0      391.16265
1750.0      390.32908
1752.0      389.27629
1754.0      387.94753
1756.0      386.27603
1758.0      384.98365
1760.0      383.98458
1762.0      383.08920
1764.0      381.85019
1766.0      380.40713
1768.0      379.24394
1770.0      378.40575
1772.0      377.82236
1774.0      376.98734
1776.0      375.79819
1778.0      374.29573
1780.0      373.36084
1782.0      373.58312
1784.0      372.11316
1786.0      370.48143
1788.0      369.21666
1790.0      368.88623
1792.0      367.05180
1794.0      365.63995
1796.0      364.83244
1798.0      364.21966
1800.0      363.30637
1802.0      361.88671
1804.0      360.21741
1806.0      358.87372
1808.0      357.81559
1810.0      356.80466
1812.0      355.94913
1814.0      355.02952
1816.0      354.28994
1818.0      353.82891
1820.0      353.35792
1822.0      352.13991
1824.0      350.61456
1826.0      349.15696
1828.0      347.97011
1830.0      346.92156
1832.0      345.53550
1834.0      344.03223
1836.0      342.94230
1838.0      341.75055
1840.0      340.75457
1842.0      339.71279
1844.0      339.09307
1846.0      338.00178
1848.0      336.95826
1850.0      335.65825
1852.0      334.60507
1854.0      333.40817
1856.0      332.36310
1858.0      331.64267
1860.0      331.21302
1862.0      330.72561
1864.0      329.84513
1866.0      328.32491
1868.0      326.91820
1870.0      325.69867
1872.0      324.72851
1874.0      323.78651
1876.0      323.07528
1878.0      322.11947
1880.0      321.05712
1882.0      320.17996
1884.0      319.29873
1886.0      318.32092
1888.0      317.21158
1890.0      316.17287
1892.0      315.31653
1894.0      314.52956
1896.0      313.87489
1898.0      313.26841
1900.0      312.59451
1902.0      311.52569
1904.0      310.21960
1906.0      309.30444
1908.0      308.56836
1910.0      307.76446
1912.0      306.84378
1914.0      306.07353
1916.0      305.19204
1918.0      304.19970
1920.0      303.02408
1922.0      301.72792
1924.0      300.87757
1926.0      300.27481
1928.0      299.71803
1930.0      298.84308
1932.0      297.98831
1934.0      297.02258
1936.0      296.09510
1938.0      295.16022
1940.0      294.48120
1942.0      293.74102
1944.0      292.83546
1946.0      292.16546
1948.0      291.21687
1950.0      290.20641
1952.0      289.28977
1954.0      289.24453
1956.0      288.37223
1958.0      287.25477
1960.0      286.43049
1962.0      286.37005
1964.0      285.92767
1966.0      284.92030
1968.0      283.51096
1970.0      282.20518
1972.0      281.22040
1974.0      280.28952
1976.0      279.49922
1978.0      279.16850
1980.0      278.80397
1982.0      278.12021
1984.0      277.42316
1986.0      276.64441
1988.0      275.51809
1990.0      274.58077
1992.0      274.03550
1994.0      273.59421
1996.0      272.90690
1998.0      272.39729
2000.0      271.89759
2002.0      270.95623
2004.0      269.88985
2006.0      269.28879
2008.0      268.75834
2010.0      267.75052
2012.0      267.06517
2014.0      266.48671
2016.0      265.42039
2018.0      264.39810
2020.0      263.89825
2022.0      263.16412
2024.0      262.08453
2026.0      261.34212
2028.0      261.08387
2030.0      260.85621
2032.0      260.32190
2034.0      259.57274
2036.0      258.74213
2038.0      258.00404
2040.0      257.38642
2042.0      256.89610
2044.0      256.60761
2046.0      256.09612
2048.0      255.48758
2050.0      254.71958
2052.0      253.96844
2054.0      253.16347
2056.0      252.53136
2058.0      252.14400
2060.0      251.61128
2062.0      250.54951
2064.0      249.64791
2066.0      249.12351
2068.0      248.78536
2070.0      248.39101
2072.0      248.29204
2074.0      248.03791
2076.0      247.29553
2078.0      246.30109
2080.0      245.30691
2082.0      244.51960
2084.0      243.91794
2086.0      243.53415
2088.0      243.42921
2090.0      243.26316
2092.0      242.68583
2094.0      242.08314
2096.0      241.59340
2098.0      240.97261
2100.0      240.31857
2102.0      239.63649
2104.0      239.02594
2106.0      238.20368
2108.0      237.33657
2110.0      236.67180
2112.0      236.65000
2114.0      236.78890
2116.0      236.65024
2118.0      235.99703
2120.0      235.03026
2122.0      234.08967
2124.0      233.57469
2126.0      233.07910
2128.0      232.55669
2130.0      231.92424
2132.0      231.61264
2134.0      231.42482
2136.0      231.35138
2138.0      230.92939
2140.0      230.39685
2142.0      229.73788
2144.0      229.33554
2146.0      228.95722
2148.0      228.59314
2150.0      227.98942
2152.0      227.36682
2154.0      226.60007
2156.0      225.81237
2158.0      225.26866
2160.0      224.98969
2162.0      224.79814
2164.0      224.69115
2166.0      223.83198
2168.0      222.82432
2170.0      222.22334
2172.0      222.23900
2174.0      221.74418
2176.0      221.16684
2178.0      220.83866
2180.0      220.49898
2182.0      220.01940
2184.0      219.33931
2186.0      218.83148
2188.0      218.71106
2190.0      218.48565
2192.0      217.84691
2194.0      217.05183
2196.0      216.55331
2198.0      216.13248
2200.0      215.55154
2202.0      214.99006
2204.0      214.61381
2206.0      214.32842
2208.0      214.06021
2210.0      214.02295
2212.0      213.78349
2214.0      213.02378
2216.0      212.27216
2218.0      211.89102
2220.0      211.65920
2222.0      211.01546
2224.0      210.46172
2226.0      210.12603
2228.0      209.92093
2230.0      209.33653
2232.0      208.71580
2234.0      208.40678
2236.0      208.09477
2238.0      207.68500
2240.0      207.05330
2242.0      206.33275
2244.0      205.77351
2246.0      205.58434
2248.0      205.37122
2250.0      204.91521
2252.0      204.28510
2254.0      203.55088
2256.0      202.87717
2258.0      202.73919
2260.0      202.60700
2262.0      201.83090
2264.0      200.96746
2266.0      200.71011
2268.0      200.64027
2270.0      200.23598
2272.0      199.73005
2274.0      199.16812
2276.0      197.87540
2278.0      197.00049
2280.0      196.78219
2282.0      196.94714
2284.0      196.86817
2286.0      196.42724
2288.0      195.48682
2290.0      194.44038
2292.0      194.20140
2294.0      193.98800
2296.0      193.44460
2298.0      192.66226
2300.0      191.97477
2302.0      191.94356
2304.0      192.33831
2306.0      192.05100
2308.0      191.02380
2310.0      189.76095
2312.0      188.93681
2314.0      188.07743
2316.0      187.58830
2318.0      187.31907
2320.0      187.30894
2322.0      187.20251
2324.0      186.55076
2326.0      185.66624
2328.0      184.70571
2330.0      184.18952
2332.0      183.66192
2334.0      183.08865
2336.0      182.61885
2338.0      182.08327
2340.0      181.16225
2342.0      180.35540
2344.0      180.01748
2346.0      179.54006
2348.0      178.72181
2350.0      178.11457
2352.0      177.76509
2354.0      177.31025
2356.0      176.42534
2358.0      175.74874
2360.0      175.36362
2362.0      175.28979
2364.0      175.10870
2366.0      174.75103
2368.0      173.90038
2370.0      172.95130
2372.0      172.14428
2374.0      171.44156
2376.0      170.74170
2378.0      170.15348
2380.0      169.69003
2382.0      169.07329
2384.0      168.69417
2386.0      167.92046
2388.0      167.17659
2390.0      166.41796
2392.0      166.46754
2394.0      166.19841
2396.0      165.65853
2398.0      164.86191
2400.0      164.64490
2402.0      164.12131
2404.0      163.32076
2406.0      162.14574
2408.0      161.35241
2410.0      160.72609
2412.0      160.78948
2414.0      160.86437
2416.0      160.47238
2418.0      159.79497
2420.0      159.11229
2422.0      158.63568
2424.0      158.09789
2426.0      157.59758
2428.0      157.03922
2430.0      156.66338
2432.0      156.22832
2434.0      155.53603
2436.0      154.88406
2438.0      154.27489
2440.0      153.23196
2442.0      152.67526
2444.0      152.52782
2446.0      152.50894
2448.0      152.09164
2450.0      152.07243
2452.0      151.84976
2454.0      151.32232
2456.0      150.76686
2458.0      150.49021
2460.0      150.15296
2462.0      149.65965
2464.0      149.38527
2466.0      149.23362
2468.0      148.82600
2470.0      148.13907
2472.0      147.71136
2474.0      147.74188
2476.0      147.94574
2478.0      147.82487
2480.0      147.19963
2482.0      146.68225
2484.0      146.60512
2486.0      146.88880
2488.0      147.35350
2490.0      147.54527
2492.0      147.02715
2494.0      146.80708
2496.0      147.32270
2498.0      147.94446
2500.0      147.67194
