800.0      375.34412
801.0      378.31288
802.0      379.85975
803.0      382.65663
804.0      387.00039
805.0      391.00039
806.0      394.91446
807.0      399.17227
808.0      404.00040
809.0      408.74260
810.0      413.34416
811.0      417.74261
812.0      422.00042
813.0      426.25824
814.0      430.74262
815.0      435.08637
816.0      438.91450
817.0      443.25826
818.0      447.74264
819.0      452.08639
820.0      455.91452
821.0      460.08640
822.0      465.17234
823.0      470.82860
824.0      476.08641
825.0      479.14110
826.0      483.97704
827.0      488.85205
828.0      494.20362
829.0      498.91456
830.0      506.00051
831.0      511.65676
832.0      515.00051
833.0      517.08645
834.0      520.08646
835.0      525.43021
836.0      531.31303
837.0      536.08647
838.0      540.34429
839.0      545.82867
840.0      552.00055
841.0      558.00056
842.0      564.17244
843.0      569.57088
844.0      574.34432
845.0      578.74277
846.0      584.43027
847.0      590.48497
848.0      597.43028
849.0      604.91467
850.0      612.74280
851.0      620.43031
852.0      627.65688
853.0      633.57095
854.0      640.28970
855.0      647.79752
856.0      655.25847
857.0      662.77410
858.0      670.96942
859.0      678.43037
860.0      685.08662
861.0      693.00069
862.0      700.57101
863.0      708.86008
864.0      717.14134
865.0      725.34447
866.0      733.08667
867.0      742.00074
868.0      750.91481
869.0      758.91482
870.0      766.08670
871.0      773.00077
872.0      780.00078
873.0      786.82891
874.0      794.34454
875.0      802.82893
876.0      812.08675
877.0      820.57113
878.0      829.68833
879.0      839.65709
880.0      849.91491
881.0      859.34461
882.0      867.14149
883.0      874.86025
884.0      883.82901
885.0      894.91496
886.0      906.17278
887.0      916.39935
888.0      926.77436
889.0      937.65719
890.0      948.82907
891.0      959.34471
892.0      969.91503
893.0      979.57129
894.0      988.43068
895.0      998.00100
896.0      1008.91507
897.0      1019.82914
898.0      1031.51666
899.0      1043.57136
900.0      1054.91512
901.0      1065.34481
902.0      1075.57139
903.0      1086.51671
904.0      1097.74329
905.0      1108.82923
906.0      1119.51674
907.0      1129.57144
908.0      1136.88395
909.0      1147.26677
910.0      1158.73554
911.0      1169.29023
912.0      1175.74336
913.0      1185.51681
914.0      1196.48557
915.0      1208.34496
916.0      1219.74341
917.0      1231.25904
918.0      1241.57155
919.0      1251.51688
920.0      1260.48564
921.0      1269.34502
922.0      1277.91534
923.0      1286.82941
924.0      1296.51692
925.0      1306.65756
926.0      1315.74350
927.0      1323.34507
928.0      1331.08727
929.0      1338.57165
930.0      1345.34510
931.0      1351.91541
932.0      1359.00136
933.0      1366.08730
934.0      1373.08731
935.0      1378.05607
936.0      1383.80607
937.0      1389.19670
938.0      1395.20452
939.0      1399.39984
940.0      1404.08734
941.0      1408.25922
942.0      1412.57173
943.0      1417.34517
944.0      1423.25924
945.0      1429.39987
946.0      1434.17331
947.0      1438.08738
948.0      1443.08738
949.0      1448.82957
950.0      1455.17333
951.0      1462.08740
952.0      1468.65772
953.0      1474.25929
954.0      1478.57179
955.0      1483.60305
956.0      1489.48587
957.0      1497.60306
958.0      1506.48588
959.0      1516.17339
960.0      1526.00153
961.0      1537.25935
962.0      1548.82967
963.0      1557.28281
964.0      1570.38438
965.0      1584.44690
966.0      1598.06410
967.0      1608.00161
968.0      1621.65787
969.0      1634.91570
970.0      1648.60321
971.0      1662.14229
972.0      1675.43136
973.0      1689.08763
974.0      1705.08764
975.0      1721.65797
976.0      1738.43143
977.0      1754.82988
978.0      1769.40021
979.0      1782.77522
980.0      1796.74398
981.0      1811.91587
982.0      1827.17370
983.0      1843.08778
984.0      1858.65811
985.0      1873.17375
986.0      1887.00189
987.0      1900.83003
988.0      1915.60348
989.0      1930.57224
990.0      1942.54101
991.0      1957.86914
992.0      1974.04885
993.0      1989.80668
994.0      2001.91606
995.0      2016.91608
996.0      2030.83016
997.0      2042.74423
998.0      2054.68955
999.0      2067.65832
1000.0      2080.91614
1001.0      2093.08803
1002.0      2105.17398
1003.0      2116.65837
1004.0      2127.25994
1005.0      2136.83026
1006.0      2146.08808
1007.0      2154.83028
1008.0      2164.43185
1009.0      2174.83030
1010.0      2184.83031
1011.0      2193.00219
1012.0      2200.26001
1013.0      2206.57252
1014.0      2212.34596
1015.0      2218.00222
1016.0      2223.83035
1017.0      2229.17410
1018.0      2233.57255
1019.0      2238.86161
1020.0      2244.22881
1021.0      2249.26006
1022.0      2252.91632
1023.0      2257.26007
1024.0      2261.57257
1025.0      2266.43195
1026.0      2272.00227
1027.0      2277.83040
1028.0      2281.65853
1029.0      2284.51791
1030.0      2287.83041
1031.0      2291.83042
1032.0      2296.26011
1033.0      2302.17418
1034.0      2308.57262
1035.0      2314.08825
1036.0      2319.26013
1037.0      2324.65857
1038.0      2330.26014
1039.0      2335.91640
1040.0      2342.08828
1041.0      2347.91641
1042.0      2352.83048
1043.0      2357.26017
1044.0      2362.00236
1045.0      2366.31487
1046.0      2372.63518
1047.0      2379.28363
1048.0      2385.86176
1049.0      2390.74458
1050.0      2397.26021
1051.0      2403.74459
1052.0      2410.08835
1053.0      2416.00242
1054.0      2421.91648
1055.0      2428.26024
1056.0      2434.65868
1057.0      2441.34619
1058.0      2447.74464
1059.0      2454.08839
1060.0      2459.83058
1061.0      2466.43215
1062.0      2473.74466
1063.0      2480.83061
1064.0      2487.34624
1065.0      2493.74468
1066.0      2500.00250
1067.0      2506.17438
1068.0      2512.91658
1069.0      2520.08846
1070.0      2526.83065
1071.0      2533.08847
1072.0      2539.26035
1073.0      2543.62754
1074.0      2550.83849
1075.0      2558.25256
1076.0      2565.03381
1077.0      2569.17444
1078.0      2575.91664
1079.0      2582.83071
1080.0      2589.34634
1081.0      2594.40103
1082.0      2598.26041
1083.0      2602.26041
1084.0      2607.74480
1085.0      2614.08855
1086.0      2621.26043
1087.0      2628.57294
1088.0      2635.26045
1089.0      2640.65889
1090.0      2646.60421
1091.0      2652.48703
1092.0      2658.34641
1093.0      2662.48704
1094.0      2666.51829
1095.0      2670.57298
1096.0      2676.69018
1097.0      2683.40112
1098.0      2690.43238
1099.0      2695.40113
1100.0      2698.91676
1101.0      2704.54958
1102.0      2711.19803
1103.0      2716.69022
1104.0      2720.08866
1105.0      2724.91679
1106.0      2730.08867
1107.0      2734.83086
1108.0      2739.08868
1109.0      2743.00274
1110.0      2747.00275
1111.0      2750.91681
1112.0      2755.08869
1113.0      2760.26057
1114.0      2765.65902
1115.0      2770.00277
1116.0      2773.00277
1117.0      2776.08871
1118.0      2780.17465
1119.0      2784.74497
1120.0      2789.17466
1121.0      2792.74498
1122.0      2796.34655
1123.0      2799.65905
1124.0      2803.34655
1125.0      2806.74499
1126.0      2810.08875
1127.0      2813.00281
1128.0      2815.40125
1129.0      2820.89344
1130.0      2826.94033
1131.0      2831.86221
1132.0      2833.83096
1133.0      2837.26065
1134.0      2840.65909
1135.0      2844.34659
1136.0      2847.74504
1137.0      2851.08879
1138.0      2854.00285
1139.0      2857.08879
1140.0      2859.74505
1141.0      2862.08880
1142.0      2865.34661
1143.0      2869.74506
1144.0      2873.83100
1145.0      2877.26069
1146.0      2881.00288
1147.0      2884.91695
1148.0      2887.83101
1149.0      2890.26070
1150.0      2892.83102
1151.0      2896.26071
1152.0      2899.65915
1153.0      2903.34665
1154.0      2906.65916
1155.0      2910.51854
1156.0      2913.22948
1157.0      2915.60448
1158.0      2917.83104
1159.0      2921.00292
1160.0      2924.00292
1161.0      2926.91699
1162.0      2930.34668
1163.0      2933.65918
1164.0      2936.00294
1165.0      2937.00294
1166.0      2937.91700
1167.0      2940.51856
1168.0      2944.65920
1169.0      2948.91701
1170.0      2952.17483
1171.0      2955.00295
1172.0      2956.57327
1173.0      2957.51858
1174.0      2958.74515
1175.0      2961.17484
1176.0      2963.83109
1177.0      2967.26078
1178.0      2970.91703
1179.0      2973.65922
1180.0      2975.08891
1181.0      2977.34673
1182.0      2982.00298
1183.0      2987.83111
1184.0      2993.00299
1185.0      2996.83112
1186.0      3000.08894
1187.0      3004.26082
1188.0      3009.83113
1189.0      3016.00302
1190.0      3022.00302
1191.0      3028.00303
1192.0      3034.00303
1193.0      3040.08898
1194.0      3045.57336
1195.0      3051.51868
1196.0      3059.00306
1197.0      3067.83119
1198.0      3076.00308
1199.0      3083.08902
1200.0      3088.65934
1201.0      3093.26091
1202.0      3097.91716
1203.0      3104.26092
1204.0      3111.91717
1205.0      3119.74531
1206.0      3127.51875
1207.0      3134.22970
1208.0      3140.69064
1209.0      3146.83127
1210.0      3151.88597
1211.0      3159.66722
1212.0      3168.42505
1213.0      3177.03443
1214.0      3183.26100
1215.0      3190.48757
1216.0      3196.17507
1217.0      3199.83133
1218.0      3203.17508
1219.0      3207.17508
1220.0      3211.83134
1221.0      3216.00322
1222.0      3218.74541
1223.0      3221.51885
1224.0      3224.65947
1225.0      3228.17510
1226.0      3230.83136
1227.0      3233.08917
1228.0      3235.08917
1229.0      3236.74542
1230.0      3238.34699
1231.0      3240.00324
1232.0      3240.40168
1233.0      3239.60480
1234.0      3238.74543
1235.0      3239.08918
1236.0      3240.17512
1237.0      3241.83137
1238.0      3242.65949
1239.0      3244.03449
1240.0      3244.88606
1241.0      3244.43293
1242.0      3242.00324
1243.0      3239.83137
1244.0      3238.51886
1245.0      3237.48761
1246.0      3236.26105
1247.0      3233.74542
1248.0      3231.26104
1249.0      3228.91729
1250.0      3226.83135
1251.0      3225.43291
1252.0      3224.74541
1253.0      3224.00322
1254.0      3221.83135
1255.0      3219.17509
1256.0      3217.17509
1257.0      3215.65947
1258.0      3214.26103
1259.0      3213.00321
1260.0      3211.83134
1261.0      3209.91727
1262.0      3208.51883
1263.0      3207.48758
1264.0      3206.08914
1265.0      3204.17508
1266.0      3202.83133
1267.0      3202.26101
1268.0      3201.74539
1269.0      3200.91726
1270.0      3200.51883
1271.0      3200.48758
1272.0      3200.17508
1273.0      3199.08914
1274.0      3197.83132
1275.0      3195.91726
1276.0      3194.43288
1277.0      3193.65944
1278.0      3193.00319
1279.0      3192.26100
1280.0      3191.74538
1281.0      3191.17507
1282.0      3189.91725
1283.0      3187.91725
1284.0      3185.08912
1285.0      3181.91724
1286.0      3178.91724
1287.0      3177.43286
1288.0      3178.00318
1289.0      3178.48755
1290.0      3177.26099
1291.0      3175.08911
1292.0      3172.57349
1293.0      3171.03442
1294.0      3168.28442
1295.0      3166.89379
1296.0      3165.88598
1297.0      3166.26098
1298.0      3165.08910
1299.0      3163.74535
1300.0      3162.26097
1301.0      3160.83129
1302.0      3160.34691
1303.0      3159.48754
1304.0      3158.34691
1305.0      3157.00316
1306.0      3155.65941
1307.0      3154.34690
1308.0      3154.17503
1309.0      3154.57347
1310.0      3154.08909
1311.0      3153.34690
1312.0      3152.48753
1313.0      3151.34690
1314.0      3149.91721
1315.0      3148.91721
1316.0      3148.17502
1317.0      3148.00315
1318.0      3147.83127
1319.0      3147.17502
1320.0      3145.74533
1321.0      3144.17502
1322.0      3143.26096
1323.0      3142.65939
1324.0      3140.91720
1325.0      3138.17501
1326.0      3136.08907
1327.0      3135.00313
1328.0      3133.91720
1329.0      3131.83126
1330.0      3129.34688
1331.0      3126.57344
1332.0      3124.43281
1333.0      3122.83125
1334.0      3122.08906
1335.0      3120.65937
1336.0      3119.51874
1337.0      3118.74531
1338.0      3117.83124
1339.0      3116.43280
1340.0      3114.57343
1341.0      3112.34686
1342.0      3108.57342
1343.0      3104.17498
1344.0      3100.34685
1345.0      3097.65935
1346.0      3095.08903
1347.0      3092.08903
1348.0      3088.83121
1349.0      3084.91715
1350.0      3081.34683
1351.0      3079.00308
1352.0      3076.57339
1353.0      3073.51870
1354.0      3069.48744
1355.0      3065.34681
1356.0      3060.83119
1357.0      3057.17493
1358.0      3054.08899
1359.0      3050.65930
1360.0      3046.08898
1361.0      3041.08898
1362.0      3037.08897
1363.0      3033.74522
1364.0      3031.43272
1365.0      3029.83115
1366.0      3027.74522
1367.0      3024.08896
1368.0      3020.26083
1369.0      3016.83114
1370.0      3012.83114
1371.0      3008.26082
1372.0      3003.83113
1373.0      3000.00300
1374.0      2997.17487
1375.0      2996.26081
1376.0      2995.22956
1377.0      2993.51862
1378.0      2991.91705
1379.0      2992.17487
1380.0      2992.65924
1381.0      2993.34674
1382.0      2993.83112
1383.0      2993.91706
1384.0      2993.00299
1385.0      2992.08893
1386.0      2992.08893
1387.0      2993.00299
1388.0      2993.74518
1389.0      2994.34674
1390.0      2994.83112
1391.0      2994.91706
1392.0      2994.08893
1393.0      2993.17487
1394.0      2991.65924
1395.0      2989.00299
1396.0      2986.26080
1397.0      2984.91705
1398.0      2984.91705
1399.0      2986.34674
1400.0      2988.65924
1401.0      2991.08893
1402.0      2993.08893
1403.0      2994.57331
1404.0      2997.03425
1405.0      2998.88581
1406.0      2999.43269
1407.0      2998.08894
1408.0      2996.83112
1409.0      2994.91706
1410.0      2993.43268
1411.0      2992.57331
1412.0      2992.08893
1413.0      2992.34674
1414.0      2993.65924
1415.0      2995.17487
1416.0      2995.83112
1417.0      2996.08893
1418.0      2996.08893
1419.0      2995.74518
1420.0      2995.26081
1421.0      2994.91706
1422.0      2995.00299
1423.0      2995.00299
1424.0      2995.00299
1425.0      2995.08893
1426.0      2994.91706
1427.0      2993.74518
1428.0      2992.43268
1429.0      2991.83112
1430.0      2992.43268
1431.0      2990.62799
1432.0      2988.46392
1433.0      2987.57330
1434.0      2988.83111
1435.0      2989.26080
1436.0      2988.74518
1437.0      2986.91705
1438.0      2984.17486
1439.0      2982.17486
1440.0      2980.65923
1441.0      2979.43267
1442.0      2977.65923
1443.0      2974.83110
1444.0      2971.34672
1445.0      2969.08891
1446.0      2967.83109
1447.0      2966.00297
1448.0      2962.91703
1449.0      2958.83108
1450.0      2955.69045
1451.0      2953.31545
1452.0      2951.34670
1453.0      2948.91701
1454.0      2947.00295
1455.0      2945.00295
1456.0      2943.00294
1457.0      2940.91700
1458.0      2939.51856
1459.0      2936.88575
1460.0      2934.12012
1461.0      2931.65918
1462.0      2929.65918
1463.0      2926.17480
1464.0      2923.43261
1465.0      2921.22948
1466.0      2919.86229
1467.0      2918.40136
1468.0      2917.26073
1469.0      2914.65917
1470.0      2912.51854
1471.0      2910.74510
1472.0      2908.83103
1473.0      2906.26072
1474.0      2903.91697
1475.0      2902.00290
1476.0      2900.00290
1477.0      2898.08884
1478.0      2896.00290
1479.0      2892.57321
1480.0      2888.60445
1481.0      2884.57320
1482.0      2881.34663
1483.0      2877.57319
1484.0      2874.43256
1485.0      2872.17475
1486.0      2869.05756
1487.0      2864.94818
1488.0      2860.57317
1489.0      2857.00286
1490.0      2853.08879
1491.0      2850.08879
1492.0      2848.08879
1493.0      2845.57316
1494.0      2842.43253
1495.0      2838.74503
1496.0      2835.00284
1497.0      2831.08877
1498.0      2828.08877
1499.0      2825.91689
1500.0      2824.08876
1501.0      2822.00282
1502.0      2818.74501
1503.0      2814.00281
1504.0      2809.43250
1505.0      2805.57312
1506.0      2802.08874
1507.0      2799.43249
1508.0      2797.31530
1509.0      2795.43248
1510.0      2794.34654
1511.0      2793.22936
1512.0      2790.17467
1513.0      2786.26060
1514.0      2784.17466
1515.0      2782.57310
1516.0      2780.34653
1517.0      2776.48715
1518.0      2772.51840
1519.0      2768.74496
1520.0      2766.26058
1521.0      2763.83089
1522.0      2761.00276
1523.0      2756.91682
1524.0      2752.00275
1525.0      2747.17462
1526.0      2742.83087
1527.0      2739.34649
1528.0      2735.40117
1529.0      2731.60429
1530.0      2727.57304
1531.0      2724.34647
1532.0      2720.74491
1533.0      2717.17459
1534.0      2712.74490
1535.0      2708.26052
1536.0      2703.83083
1537.0      2700.26051
1538.0      2696.57301
1539.0      2693.43238
1540.0      2691.77613
1541.0      2685.99488
1542.0      2679.35424
1543.0      2674.36986
1544.0      2674.77611
1545.0      2673.40111
1546.0      2671.00267
1547.0      2667.26048
1548.0      2664.00266
1549.0      2660.65891
1550.0      2657.43234
1551.0      2654.91672
1552.0      2652.83078
1553.0      2650.00265
1554.0      2647.26046
1555.0      2644.74483
1556.0      2642.26045
1557.0      2638.31514
1558.0      2635.03388
1559.0      2632.48701
1560.0      2629.74482
1561.0      2625.34638
1562.0      2621.08856
1563.0      2616.31512
1564.0      2611.94792
1565.0      2608.65886
1566.0      2605.65886
1567.0      2601.17448
1568.0      2597.86197
1569.0      2593.02603
1570.0      2587.80727
1571.0      2583.57290
1572.0      2581.65883
1573.0      2578.26039
1574.0      2573.65882
1575.0      2569.43226
1576.0      2565.74475
1577.0      2563.43225
1578.0      2560.31506
1579.0      2556.34631
1580.0      2552.17443
1581.0      2548.74474
1582.0      2544.91661
1583.0      2541.43223
1584.0      2538.57285
1585.0      2536.17441
1586.0      2534.26035
1587.0      2532.83066
1588.0      2529.40097
1589.0      2524.86190
1590.0      2520.31502
1591.0      2517.69002
1592.0      2515.57283
1593.0      2514.26033
1594.0      2511.65876
1595.0      2508.08845
1596.0      2504.00250
1597.0      2501.34625
1598.0      2499.91656
1599.0      2497.40094
1600.0      2493.68999
1601.0      2489.65874
1602.0      2486.00249
1603.0      2482.08842
1604.0      2479.34623
1605.0      2476.31498
1606.0      2472.34622
1607.0      2468.08841
1608.0      2464.91653
1609.0      2462.00246
1610.0      2458.74465
1611.0      2456.43214
1612.0      2455.83058
1613.0      2457.00246
1614.0      2459.08840
1615.0      2462.08840
1616.0      2464.48684
1617.0      2466.60403
1618.0      2468.83059
1619.0      2470.91653
1620.0      2470.83060
1621.0      2469.34622
1622.0      2466.57278
1623.0      2463.51809
1624.0      2459.40090
1625.0      2455.34620
1626.0      2452.17433
1627.0      2450.74464
1628.0      2450.43214
1629.0      2449.31495
1630.0      2447.43213
1631.0      2444.74463
1632.0      2443.34619
1633.0      2442.91651
1634.0      2442.91651
1635.0      2441.91650
1636.0      2440.08838
1637.0      2438.00244
1638.0      2436.00244
1639.0      2434.08837
1640.0      2431.91649
1641.0      2429.00243
1642.0      2424.91649
1643.0      2420.26023
1644.0      2414.57273
1645.0      2408.43210
1646.0      2401.57271
1647.0      2395.26021
1648.0      2390.00239
1649.0      2387.00239
1650.0      2386.00239
1651.0      2387.34614
1652.0      2389.40083
1653.0      2391.43208
1654.0      2392.91646
1655.0      2394.00239
1656.0      2392.74458
1657.0      2389.26020
1658.0      2383.91645
1659.0      2376.74456
1660.0      2368.34612
1661.0      2360.00236
1662.0      2351.83048
1663.0      2343.08828
1664.0      2334.08827
1665.0      2324.83045
1666.0      2315.08825
1667.0      2304.91637
1668.0      2295.17417
1669.0      2286.08822
1670.0      2276.65853
1671.0      2265.91633
1672.0      2255.60382
1673.0      2246.48662
1674.0      2238.34599
1675.0      2229.91629
1676.0      2220.65847
1677.0      2209.91627
1678.0      2202.58032
1679.0      2189.41626
1680.0      2174.41623
1681.0      2158.59591
1682.0      2147.17402
1683.0      2131.08807
1684.0      2115.00212
1685.0      2100.00210
1686.0      2087.25990
1687.0      2076.74426
1688.0      2067.91613
1689.0      2061.34581
1690.0      2057.83018
1691.0      2057.00206
1692.0      2058.17393
1693.0      2060.83019
1694.0      2064.00206
1695.0      2066.91613
1696.0      2070.00207
1697.0      2074.43176
1698.0      2079.57239
1699.0      2083.91615
1700.0      2087.43177
1701.0      2090.40053
1702.0      2093.51772
1703.0      2096.83022
1704.0      2101.00210
1705.0      2105.08804
1706.0      2108.91617
1707.0      2111.83024
1708.0      2114.25993
1709.0      2116.91618
1710.0      2120.08806
1711.0      2122.83025
1712.0      2124.91619
1713.0      2127.34588
1714.0      2130.91619
1715.0      2134.83026
1716.0      2138.25995
1717.0      2140.57245
1718.0      2142.43183
1719.0      2143.83027
1720.0      2144.57246
1721.0      2145.94746
1722.0      2148.48652
1723.0      2150.74434
1724.0      2151.17403
1725.0      2152.34590
1726.0      2154.57247
1727.0      2157.43184
1728.0      2159.65841
1729.0      2161.00216
1730.0      2160.91622
1731.0      2161.51779
1732.0      2162.57248
1733.0      2162.65841
1734.0      2163.11935
1735.0      2163.88498
1736.0      2164.60373
1737.0      2163.65841
1738.0      2163.17404
1739.0      2163.17404
1740.0      2163.91623
1741.0      2163.48654
1742.0      2162.77560
1743.0      2162.65841
1744.0      2162.91623
1745.0      2162.08810
1746.0      2161.00216
1747.0      2160.00216
1748.0      2159.00216
1749.0      2158.08810
1750.0      2156.83028
1751.0      2155.00216
1752.0      2153.08809
1753.0      2152.17403
1754.0      2151.83028
1755.0      2150.91621
1756.0      2149.00215
1757.0      2147.25996
1758.0      2145.91621
1759.0      2143.65839
1760.0      2140.51777
1761.0      2136.48651
1762.0      2132.34588
1763.0      2127.91619
1764.0      2124.08806
1765.0      2119.83025
1766.0      2115.17399
1767.0      2109.91617
1768.0      2103.91617
1769.0      2097.00210
1770.0      2090.25990
1771.0      2083.74427
1772.0      2077.17395
1773.0      2069.65832
1774.0      2062.43175
1775.0      2055.91612
1776.0      2049.83018
1777.0      2043.17392
1778.0      2035.91610
1779.0      2027.91609
1780.0      2019.17389
1781.0      2009.83014
1782.0      1999.91606
1783.0      1990.25980
1784.0      1982.08792
1785.0      1974.74416
1786.0      1967.25978
1787.0      1958.57227
1788.0      1949.00195
1789.0      1940.94725
1790.0      1933.71287
1791.0      1926.94724
1792.0      1919.65817
1793.0      1913.00191
1794.0      1905.00191
1795.0      1895.74408
1796.0      1886.68939
1797.0      1877.14250
1798.0      1867.60343
1799.0      1857.91592
1800.0      1848.91591
1801.0      1838.65809
1802.0      1828.77527
1803.0      1819.48620
1804.0      1810.00181
1805.0      1799.08774
1806.0      1788.00179
1807.0      1776.82990
1808.0      1766.34552
1809.0      1756.91582
1810.0      1747.82987
1811.0      1738.08768
1812.0      1727.91579
1813.0      1718.25953
1814.0      1708.57202
1815.0      1699.25951
1816.0      1692.11888
1817.0      1681.90794
1818.0      1671.18136
1819.0      1661.71260
1820.0      1655.82978
1821.0      1648.43134
1822.0      1641.91570
1823.0      1635.82976
1824.0      1629.08757
1825.0      1622.08756
1826.0      1614.65786
1827.0      1607.51723
1828.0      1600.57191
1829.0      1594.08753
1830.0      1588.25940
1831.0      1583.82971
1832.0      1580.00158
1833.0      1576.08751
1834.0      1571.74376
1835.0      1567.34532
1836.0      1562.74375
1837.0      1558.00156
1838.0      1553.25937
1839.0      1548.65780
1840.0      1544.25936
1841.0      1539.91560
1842.0      1535.82966
1843.0      1532.34528
1844.0      1530.34528
1845.0      1526.36872
1846.0      1521.89214
1847.0      1518.05621
1848.0      1516.08745
1849.0      1513.17339
1850.0      1510.91557
1851.0      1509.00151
1852.0      1507.08744
1853.0      1504.74369
1854.0      1502.17338
1855.0      1500.17337
1856.0      1498.82962
1857.0      1496.82962
1858.0      1494.34524
1859.0      1491.65774
1860.0      1489.25930
1861.0      1487.00149
1862.0      1484.74367
1863.0      1482.17336
1864.0      1480.00148
1865.0      1479.00148
1866.0      1479.17335
1867.0      1479.91554
1868.0      1479.65773
1869.0      1478.25929
1870.0      1477.00148
1871.0      1477.08741
1872.0      1478.25929
1873.0      1478.05617
1874.0      1476.86085
1875.0      1475.65773
1876.0      1476.25929
1877.0      1476.65773
1878.0      1477.43116
1879.0      1477.48585
1880.0      1477.43116
1881.0      1476.74366
1882.0      1476.17335
1883.0      1474.74366
1884.0      1473.25929
1885.0      1472.00147
1886.0      1470.65772
1887.0      1469.43116
1888.0      1468.91553
1889.0      1468.74366
1890.0      1468.17334
1891.0      1468.17334
1892.0      1468.74366
1893.0      1469.08741
1894.0      1469.17334
1895.0      1468.57178
1896.0      1467.43115
1897.0      1465.74365
1898.0      1464.00146
1899.0      1462.17334
1900.0      1461.00146
1901.0      1459.65771
1902.0      1458.43115
1903.0      1457.82958
1904.0      1458.00146
1905.0      1458.17333
1906.0      1457.74365
1907.0      1455.82958
1908.0      1453.34520
1909.0      1452.08739
1910.0      1451.74364
1911.0      1451.00145
1912.0      1450.25926
1913.0      1449.74364
1914.0      1449.08739
1915.0      1447.82957
1916.0      1447.43113
1917.0      1447.65770
1918.0      1448.00145
1919.0      1448.25926
1920.0      1448.74364
1921.0      1449.08739
1922.0      1449.00145
1923.0      1449.08739
1924.0      1448.91551
1925.0      1447.74364
1926.0      1446.43113
1927.0      1445.91551
1928.0      1445.74363
1929.0      1445.25926
1930.0      1445.00144
1931.0      1444.82957
1932.0      1444.00144
1933.0      1443.08738
1934.0      1443.25926
1935.0      1443.57176
1936.0      1443.08738
1937.0      1442.25925
1938.0      1441.65769
1939.0      1441.34519
1940.0      1440.57175
1941.0      1440.60300
1942.0      1440.39988
1943.0      1440.34519
1944.0      1440.00144
1945.0      1439.82957
1946.0      1439.08738
1947.0      1438.00144
1948.0      1436.91550
1949.0      1436.17331
1950.0      1435.91550
1951.0      1436.08737
1952.0      1435.82956
1953.0      1435.00144
1954.0      1434.51706
1955.0      1432.62643
1956.0      1431.63424
1957.0      1432.48581
1958.0      1434.65769
1959.0      1434.17331
1960.0      1431.82956
1961.0      1429.17330
1962.0      1427.17330
1963.0      1425.74361
1964.0      1424.00142
1965.0      1422.17330
1966.0      1420.82955
1967.0      1420.25923
1968.0      1419.74361
1969.0      1419.08736
1970.0      1418.08736
1971.0      1416.74360
1972.0      1415.17329
1973.0      1414.08735
1974.0      1413.82954
1975.0      1414.34516
1976.0      1414.65767
1977.0      1414.08735
1978.0      1411.82954
1979.0      1409.17328
1980.0      1407.08734
1981.0      1405.82953
1982.0      1405.60297
1983.0      1403.62641
1984.0      1401.37640
1985.0      1399.39984
1986.0      1399.00140
1987.0      1398.17327
1988.0      1398.00140
1989.0      1397.82952
1990.0      1397.08733
1991.0      1396.17327
1992.0      1394.48577
1993.0      1392.51702
1994.0      1390.82952
1995.0      1390.00139
1996.0      1388.91545
1997.0      1388.34514
1998.0      1387.57170
1999.0      1386.08732
2000.0      1384.08732
2001.0      1383.08732
2002.0      1383.08732
2003.0      1382.65763
2004.0      1381.08732
2005.0      1379.25919
2006.0      1377.65763
2007.0      1376.34513
2008.0      1374.65762
2009.0      1373.17325
2010.0      1372.34512
2011.0      1371.31387
2012.0      1369.60293
2013.0      1366.22793
2014.0      1363.77480
2015.0      1362.74355
2016.0      1364.34511
2017.0      1365.48574
2018.0      1365.25918
2019.0      1362.65761
2020.0      1359.25917
2021.0      1355.82948
2022.0      1354.60292
2023.0      1354.39979
2024.0      1354.17323
2025.0      1353.17323
2026.0      1351.48573
2027.0      1349.51697
2028.0      1347.82947
2029.0      1347.00135
2030.0      1346.00135
2031.0      1345.00135
2032.0      1343.91541
2033.0      1343.25916
2034.0      1342.74353
2035.0      1342.17322
2036.0      1340.82947
2037.0      1338.91540
2038.0      1337.51696
2039.0      1336.57165
2040.0      1334.91540
2041.0      1332.17321
2042.0      1330.17321
2043.0      1328.82945
2044.0      1326.74351
2045.0      1324.51695
2046.0      1322.57164
2047.0      1321.25913
2048.0      1320.00132
2049.0      1318.82944
2050.0      1317.00132
2051.0      1315.34507
2052.0      1313.39975
2053.0      1311.51694
2054.0      1309.82944
2055.0      1309.08725
2056.0      1307.74350
2057.0      1306.34506
2058.0      1304.82943
2059.0      1302.82943
2060.0      1300.08724
2061.0      1298.25911
2062.0      1297.91536
2063.0      1297.74349
2064.0      1297.77473
2065.0      1295.28255
2066.0      1292.80598
2067.0      1291.31379
2068.0      1291.91535
2069.0      1291.17317
2070.0      1289.74348
2071.0      1288.34504
2072.0      1286.65754
2073.0      1285.17316
2074.0      1284.08722
2075.0      1284.00128
2076.0      1283.74347
2077.0      1283.34503
2078.0      1282.65753
2079.0      1282.34503
2080.0      1281.82941
2081.0      1280.74347
2082.0      1279.51690
2083.0      1278.65753
2084.0      1278.08722
2085.0      1277.00128
2086.0      1276.17315
2087.0      1274.65753
2088.0      1272.00127
2089.0      1269.34502
2090.0      1267.82939
2091.0      1266.91533
2092.0      1266.34502
2093.0      1265.57158
2094.0      1264.17314
2095.0      1261.91532
2096.0      1260.17314
2097.0      1258.91532
2098.0      1258.00126
2099.0      1257.08719
2100.0      1255.74344
2101.0      1254.25907
2102.0      1252.91532
2103.0      1252.08719
2104.0      1250.82938
2105.0      1249.08719
2106.0      1246.74343
2107.0      1245.60281
2108.0      1245.74343
2109.0      1245.65750
2110.0      1244.43093
2111.0      1242.82937
2112.0      1240.65749
2113.0      1238.86061
2114.0      1237.14186
2115.0      1235.51686
2116.0      1232.57155
2117.0      1230.34498
2118.0      1228.91529
2119.0      1229.43092
2120.0      1229.14185
2121.0      1227.43091
2122.0      1225.25904
2123.0      1223.48560
2124.0      1221.34497
2125.0      1218.91528
2126.0      1217.08715
2127.0      1214.74340
2128.0      1212.34496
2129.0      1209.65746
2130.0      1207.17308
2131.0      1205.25902
2132.0      1203.65745
2133.0      1200.91526
2134.0      1197.17307
2135.0      1194.17307
2136.0      1191.65744
2137.0      1189.25900
2138.0      1186.91525
2139.0      1185.08712
2140.0      1182.82931
2141.0      1180.00118
2142.0      1177.25899
2143.0      1174.74336
2144.0      1171.91523
2145.0      1169.43086
2146.0      1167.57148
2147.0      1166.51679
2148.0      1164.05585
2149.0      1162.03241
2150.0      1160.57147
2151.0      1159.82928
2152.0      1158.34491
2153.0      1156.74334
2154.0      1154.91522
2155.0      1153.43084
2156.0      1152.74334
2157.0      1151.91521
2158.0      1150.17303
2159.0      1147.65740
2160.0      1145.60271
2161.0      1143.48552
2162.0      1141.17302
2163.0      1138.00114
2164.0      1134.91520
2165.0      1132.08707
2166.0      1130.08707
2167.0      1129.00113
2168.0      1127.91519
2169.0      1125.91519
2170.0      1123.00112
2171.0      1120.17299
2172.0      1117.82924
2173.0      1116.17299
2174.0      1115.00112
2175.0      1113.82924
2176.0      1112.08705
2177.0      1110.08705
2178.0      1107.74330
2179.0      1105.25892
2180.0      1102.82923
2181.0      1101.17298
2182.0      1100.00110
2183.0      1098.82922
2184.0      1097.00110
2185.0      1095.25891
2186.0      1093.74328
2187.0      1092.08703
2188.0      1090.00109
2189.0      1088.00109
2190.0      1085.91515
2191.0      1084.17296
2192.0      1083.00108
2193.0      1081.74327
2194.0      1080.34483
2195.0      1078.65733
2196.0      1077.34483
2197.0      1075.65733
2198.0      1074.25889
2199.0      1073.00107
2200.0      1071.82920
2201.0      1070.08701
2202.0      1068.00107
2203.0      1066.00107
2204.0      1064.00106
2205.0      1062.00106
2206.0      1060.00106
2207.0      1058.08700
2208.0      1055.74324
2209.0      1053.34480
2210.0      1050.74324
2211.0      1047.91511
2212.0      1045.34480
2213.0      1043.82917
2214.0      1043.00104
2215.0      1042.08698
2216.0      1040.91510
2217.0      1038.91510
2218.0      1035.91510
2219.0      1033.25885
2220.0      1032.17291
2221.0      1031.65728
2222.0      1029.91509
2223.0      1027.25884
2224.0      1024.91509
2225.0      1022.91509
2226.0      1021.25883
2227.0      1019.74321
2228.0      1017.91508
2229.0      1016.60258
2230.0      1014.96977
2231.0      1014.20414
2232.0      1013.14164
2233.0      1012.25882
2234.0      1010.17289
2235.0      1007.31351
2236.0      1004.94632
2237.0      1003.57132
2238.0      1002.91507
2239.0      1001.00100
2240.0      999.25881
2241.0      997.65725
2242.0      996.34475
2243.0      994.74318
2244.0      993.17287
2245.0      990.82912
2246.0      988.00099
2247.0      985.17286
2248.0      983.00098
2249.0      980.82911
2250.0      978.00098
2251.0      975.08691
2252.0      973.08691
2253.0      972.00097
2254.0      970.74316
2255.0      969.43066
2256.0      967.39941
2257.0      965.94628
2258.0      962.54003
2259.0      959.37596
2260.0      956.31346
2261.0      955.25877
2262.0      953.91502
2263.0      953.17283
2264.0      951.57126
2265.0      949.43064
2266.0      946.65720
2267.0      944.17282
2268.0      942.00094
2269.0      941.17282
2270.0      940.82907
2271.0      939.91500
2272.0      938.00094
2273.0      936.17281
2274.0      934.91500
2275.0      934.00093
2276.0      933.08687
2277.0      931.91499
2278.0      929.91499
2279.0      926.91499
2280.0      924.34467
2281.0      922.91499
2282.0      921.74311
2283.0      920.43061
2284.0      918.91498
2285.0      914.71185
2286.0      911.06341
2287.0      909.96966
2288.0      911.17279
2289.0      909.65716
2290.0      907.34466
2291.0      905.00090
2292.0      902.82903
2293.0      899.91496
2294.0      897.34465
2295.0      895.82902
2296.0      895.00089
2297.0      894.17277
2298.0      892.48527
2299.0      890.51652
2300.0      888.91495
2301.0      888.00089
2302.0      885.74307
2303.0      882.00088
2304.0      878.25869
2305.0      875.82900
2306.0      875.25869
2307.0      876.08681
2308.0      876.31338
2309.0      875.68837
2310.0      874.57119
2311.0      874.34462
2312.0      873.82900
2313.0      872.82900
2314.0      871.17275
2315.0      870.08681
2316.0      870.17274
2317.0      869.39931
2318.0      867.43055
2319.0      864.82899
2320.0      863.17274
2321.0      861.82899
2322.0      861.25867
2323.0      860.65711
2324.0      860.25867
2325.0      860.00086
2326.0      859.82898
2327.0      859.08680
2328.0      858.00086
2329.0      857.00086
2330.0      855.91492
2331.0      855.25867
2332.0      854.65711
2333.0      854.25867
2334.0      854.08679
2335.0      853.65710
2336.0      852.08679
2337.0      850.25866
2338.0      848.48522
2339.0      847.68835
2340.0      847.74304
2341.0      847.74304
2342.0      846.17272
2343.0      844.00084
2344.0      841.91490
2345.0      840.08678
2346.0      839.08678
2347.0      839.00084
2348.0      838.82896
2349.0      838.08678
2350.0      837.08677
2351.0      835.82896
2352.0      833.91490
2353.0      832.43052
2354.0      831.65708
2355.0      831.08677
2356.0      829.91489
2357.0      829.25864
2358.0      828.91489
2359.0      827.65708
2360.0      825.25864
2361.0      823.25864
2362.0      821.48520
2363.0      819.25863
2364.0      817.17269
2365.0      815.74300
2366.0      813.91488
2367.0      812.43050
2368.0      811.65706
2369.0      811.17269
2370.0      809.74300
2371.0      808.25862
2372.0      806.91487
2373.0      805.91487
2374.0      805.25862
2375.0      804.82893
2376.0      803.82893
2377.0      802.25861
2378.0      801.00080
2379.0      799.91486
2380.0      797.74299
2381.0      795.43048
2382.0      793.91486
2383.0      792.74298
2384.0      791.25860
2385.0      789.91485
2386.0      789.08673
2387.0      787.82891
2388.0      786.00079
2389.0      784.17266
2390.0      782.91485
2391.0      782.08672
2392.0      780.74297
2393.0      779.34453
2394.0      777.48515
2395.0      776.68828
2396.0      776.65703
2397.0      777.00078
2398.0      775.91484
2399.0      774.17265
2400.0      771.65702
2401.0      769.34452
2402.0      768.08671
2403.0      767.82889
2404.0      766.82889
2405.0      765.25858
2406.0      763.91483
2407.0      763.00076
2408.0      762.17264
2409.0      760.48514
2410.0      758.68826
2411.0      756.39919
2412.0      754.25857
2413.0      752.08669
2414.0      750.91481
2415.0      749.91481
2416.0      749.25856
2417.0      748.74294
2418.0      748.17262
2419.0      746.82887
2420.0      745.00075
2421.0      743.17262
2422.0      742.08668
2423.0      740.48512
2424.0      738.51636
2425.0      736.82886
2426.0      736.00074
2427.0      734.91480
2428.0      734.25855
2429.0      733.74292
2430.0      733.08667
2431.0      732.00073
2432.0      731.08667
2433.0      729.65698
2434.0      728.60229
2435.0      727.39917
2436.0      726.43041
2437.0      724.48510
2438.0      723.68822
2439.0      723.65697
2440.0      724.08666
2441.0      722.65697
2442.0      720.43041
2443.0      717.65697
2444.0      715.08665
2445.0      713.25853
2446.0      713.00071
2447.0      712.74290
2448.0      710.91477
2449.0      708.43040
2450.0      705.22727
2451.0      702.86008
2452.0      701.65695
2453.0      702.17258
2454.0      701.65695
2455.0      700.08664
2456.0      698.25851
2457.0      696.74288
2458.0      694.91476
2459.0      693.43038
2460.0      692.65694
2461.0      692.08663
2462.0      691.00069
2463.0      690.17256
2464.0      688.65694
2465.0      686.00069
2466.0      683.34443
2467.0      681.82881
2468.0      681.00068
2469.0      679.91474
2470.0      679.25849
2471.0      678.65693
2472.0      678.25849
2473.0      678.08662
2474.0      677.74287
2475.0      675.82880
2476.0      673.43036
2477.0      671.65692
2478.0      671.43036
2479.0      671.65692
2480.0      672.17255
2481.0      671.82880
2482.0      671.00067
2483.0      670.25848
2484.0      669.74286
2485.0      669.17254
2486.0      667.82879
2487.0      666.00067
2488.0      664.25848
2489.0      662.65691
2490.0      661.00066
2491.0      660.51628
2492.0      661.74285
2493.0      662.74285
2494.0      662.25847
2495.0      660.91472
2496.0      658.74285
2497.0      656.34441
2498.0      655.08659
2499.0      654.74284
2500.0      654.00065
