800.0      1737.28725
802.0      1743.76705
804.0      1750.18502
806.0      1756.54108
808.0      1762.83517
810.0      1769.06723
812.0      1775.23721
814.0      1781.34507
816.0      1787.39077
818.0      1793.37429
820.0      1799.29563
822.0      1805.15476
824.0      1810.95168
826.0      1816.68642
828.0      1822.35897
830.0      1827.96937
832.0      1833.51764
834.0      1839.00382
836.0      1844.42796
838.0      1849.79010
840.0      1855.09030
842.0      1860.32864
844.0      1865.50517
846.0      1870.61999
848.0      1875.67316
850.0      1880.66479
852.0      1885.59497
854.0      1890.46380
856.0      1895.27139
858.0      1900.01786
860.0      1904.70332
862.0      1909.32790
864.0      1913.89174
866.0      1918.39496
868.0      1922.83772
870.0      1927.22015
872.0      1931.54241
874.0      1935.80465
876.0      1940.00704
878.0      1944.14975
880.0      1948.23293
882.0      1952.25678
884.0      1956.22146
886.0      1960.12717
888.0      1963.97408
890.0      1967.76240
892.0      1971.49232
894.0      1975.16403
896.0      1978.77775
898.0      1982.33367
900.0      1985.83202
902.0      1989.27300
904.0      1992.65684
906.0      1995.98374
908.0      1999.25395
910.0      2002.46769
912.0      2005.62518
914.0      2008.72666
916.0      2011.77238
918.0      2014.76256
920.0      2017.69745
922.0      2020.57729
924.0      2023.40234
926.0      2026.17284
928.0      2028.88905
930.0      2031.55121
932.0      2034.15960
934.0      2036.71446
936.0      2039.21605
938.0      2041.66465
940.0      2044.06052
942.0      2046.40391
944.0      2048.69511
946.0      2050.93439
948.0      2053.12201
950.0      2055.25825
952.0      2057.34339
954.0      2059.37770
956.0      2061.36146
958.0      2063.29496
960.0      2065.17847
962.0      2067.01228
964.0      2068.79667
966.0      2070.53192
968.0      2072.21833
970.0      2073.85617
972.0      2075.44574
974.0      2076.98733
976.0      2078.48122
978.0      2079.92772
980.0      2081.32710
982.0      2082.67966
984.0      2083.98569
986.0      2085.24549
988.0      2086.45935
990.0      2087.62757
992.0      2088.75043
994.0      2089.82825
996.0      2090.86130
998.0      2091.84989
1000.0      2092.79432
1002.0      2093.69487
1004.0      2094.55185
1006.0      2095.36556
1008.0      2096.13629
1010.0      2096.86433
1012.0      2097.55000
1014.0      2098.19357
1016.0      2098.79536
1018.0      2099.35565
1020.0      2099.87474
1022.0      2100.35294
1024.0      2100.79053
1026.0      2101.18782
1028.0      2101.54510
1030.0      2101.86267
1032.0      2102.14081
1034.0      2102.37983
1036.0      2102.58003
1038.0      2102.74169
1040.0      2102.86511
1042.0      2102.95058
1044.0      2102.99841
1046.0      2103.00887
1048.0      2102.98226
1050.0      2102.91888
1052.0      2102.81901
1054.0      2102.68294
1056.0      2102.51097
1058.0      2102.30338
1060.0      2102.06047
1062.0      2101.78251
1064.0      2101.46979
1066.0      2101.12261
1068.0      2100.74125
1070.0      2100.32599
1072.0      2099.87711
1074.0      2099.39490
1076.0      2098.87965
1078.0      2098.33162
1080.0      2097.75110
1082.0      2097.13838
1084.0      2096.49372
1086.0      2095.81742
1088.0      2095.10973
1090.0      2094.37095
1092.0      2093.60133
1094.0      2092.80117
1096.0      2091.97072
1098.0      2091.11027
1100.0      2090.22008
1102.0      2089.30042
1104.0      2088.35156
1106.0      2087.37376
1108.0      2086.36730
1110.0      2085.33244
1112.0      2084.26943
1114.0      2083.17856
1116.0      2082.06007
1118.0      2080.91422
1120.0      2079.74129
1122.0      2078.54152
1124.0      2077.31516
1126.0      2076.06249
1128.0      2074.78375
1130.0      2073.47920
1132.0      2072.14908
1134.0      2070.79365
1136.0      2069.41316
1138.0      2068.00786
1140.0      2066.57800
1142.0      2065.12381
1144.0      2063.64555
1146.0      2062.14346
1148.0      2060.61778
1150.0      2059.06876
1152.0      2057.49663
1154.0      2055.90162
1156.0      2054.28399
1158.0      2052.64396
1160.0      2050.98178
1162.0      2049.29766
1164.0      2047.59185
1166.0      2045.86458
1168.0      2044.11607
1170.0      2042.34655
1172.0      2040.55626
1174.0      2038.74541
1176.0      2036.91423
1178.0      2035.06295
1180.0      2033.19178
1182.0      2031.30095
1184.0      2029.39067
1186.0      2027.46117
1188.0      2025.51266
1190.0      2023.54534
1192.0      2021.55945
1194.0      2019.55519
1196.0      2017.53277
1198.0      2015.49241
1200.0      2013.43430
1202.0      2011.35866
1204.0      2009.26570
1206.0      2007.15561
1208.0      2005.02861
1210.0      2002.88489
1212.0      2000.72465
1214.0      1998.54810
1216.0      1996.35543
1218.0      1994.14685
1220.0      1991.92253
1222.0      1989.68269
1224.0      1987.42750
1226.0      1985.15717
1228.0      1982.87189
1230.0      1980.57183
1232.0      1978.25720
1234.0      1975.92817
1236.0      1973.58494
1238.0      1971.22768
1240.0      1968.85658
1242.0      1966.47183
1244.0      1964.07359
1246.0      1961.66205
1248.0      1959.23739
1250.0      1956.79978
1252.0      1954.34940
1254.0      1951.88642
1256.0      1949.41101
1258.0      1946.92335
1260.0      1944.42361
1262.0      1941.91195
1264.0      1939.38854
1266.0      1936.85355
1268.0      1934.30714
1270.0      1931.74948
1272.0      1929.18073
1274.0      1926.60105
1276.0      1924.01060
1278.0      1921.40955
1280.0      1918.79804
1282.0      1916.17623
1284.0      1913.54429
1286.0      1910.90236
1288.0      1908.25060
1290.0      1905.58916
1292.0      1902.91819
1294.0      1900.23784
1296.0      1897.54825
1298.0      1894.84958
1300.0      1892.14198
1302.0      1889.42558
1304.0      1886.70053
1306.0      1883.96697
1308.0      1881.22504
1310.0      1878.47489
1312.0      1875.71666
1314.0      1872.95048
1316.0      1870.17648
1318.0      1867.39481
1320.0      1864.60560
1322.0      1861.80898
1324.0      1859.00509
1326.0      1856.19406
1328.0      1853.37601
1330.0      1850.55108
1332.0      1847.71940
1334.0      1844.88109
1336.0      1842.03628
1338.0      1839.18509
1340.0      1836.32765
1342.0      1833.46409
1344.0      1830.59451
1346.0      1827.71905
1348.0      1824.83782
1350.0      1821.95095
1352.0      1819.05855
1354.0      1816.16073
1356.0      1813.25762
1358.0      1810.34933
1360.0      1807.43597
1362.0      1804.51765
1364.0      1801.59450
1366.0      1798.66661
1368.0      1795.73409
1370.0      1792.79707
1372.0      1789.85564
1374.0      1786.90991
1376.0      1783.96000
1378.0      1781.00599
1380.0      1778.04800
1382.0      1775.08614
1384.0      1772.12050
1386.0      1769.15118
1388.0      1766.17829
1390.0      1763.20192
1392.0      1760.22218
1394.0      1757.23916
1396.0      1754.25297
1398.0      1751.26368
1400.0      1748.27141
1402.0      1745.27624
1404.0      1742.27827
1406.0      1739.27759
1408.0      1736.27429
1410.0      1733.26847
1412.0      1730.26021
1414.0      1727.24960
1416.0      1724.23673
1418.0      1721.22169
1420.0      1718.20457
1422.0      1715.18545
1424.0      1712.16442
1426.0      1709.14155
1428.0      1706.11695
1430.0      1703.09067
1432.0      1700.06282
1434.0      1697.03347
1436.0      1694.00269
1438.0      1690.97058
1440.0      1687.93720
1442.0      1684.90264
1444.0      1681.86698
1446.0      1678.83028
1448.0      1675.79263
1450.0      1672.75410
1452.0      1669.71477
1454.0      1666.67470
1456.0      1663.63398
1458.0      1660.59267
1460.0      1657.55085
1462.0      1654.50858
1464.0      1651.46593
1466.0      1648.42298
1468.0      1645.37979
1470.0      1642.33644
1472.0      1639.29298
1474.0      1636.24948
1476.0      1633.20602
1478.0      1630.16265
1480.0      1627.11944
1482.0      1624.07646
1484.0      1621.03376
1486.0      1617.99141
1488.0      1614.94947
1490.0      1611.90800
1492.0      1608.86706
1494.0      1605.82672
1496.0      1602.78703
1498.0      1599.74805
1500.0      1596.70983
1502.0      1593.67244
1504.0      1590.63594
1506.0      1587.60037
1508.0      1584.56579
1510.0      1581.53227
1512.0      1578.49985
1514.0      1575.46858
1516.0      1572.43853
1518.0      1569.40973
1520.0      1566.38225
1522.0      1563.35614
1524.0      1560.33145
1526.0      1557.30822
1528.0      1554.28651
1530.0      1551.26637
1532.0      1548.24784
1534.0      1545.23097
1536.0      1542.21581
1538.0      1539.20242
1540.0      1536.19082
1542.0      1533.18108
1544.0      1530.17323
1546.0      1527.16733
1548.0      1524.16340
1550.0      1521.16151
1552.0      1518.16169
1554.0      1515.16398
1556.0      1512.16844
1558.0      1509.17509
1560.0      1506.18398
1562.0      1503.19516
1564.0      1500.20865
1566.0      1497.22451
1568.0      1494.24277
1570.0      1491.26347
1572.0      1488.28665
1574.0      1485.31235
1576.0      1482.34060
1578.0      1479.37145
1580.0      1476.40492
1582.0      1473.44106
1584.0      1470.47990
1586.0      1467.52148
1588.0      1464.56582
1590.0      1461.61298
1592.0      1458.66297
1594.0      1455.71584
1596.0      1452.77161
1598.0      1449.83032
1600.0      1446.89200
1602.0      1443.95669
1604.0      1441.02442
1606.0      1438.09521
1608.0      1435.16909
1610.0      1432.24611
1612.0      1429.32628
1614.0      1426.40964
1616.0      1423.49621
1618.0      1420.58603
1620.0      1417.67913
1622.0      1414.77552
1624.0      1411.87525
1626.0      1408.97833
1628.0      1406.08480
1630.0      1403.19467
1632.0      1400.30798
1634.0      1397.42475
1636.0      1394.54501
1638.0      1391.66879
1640.0      1388.79610
1642.0      1385.92697
1644.0      1383.06143
1646.0      1380.19949
1648.0      1377.34119
1650.0      1374.48655
1652.0      1371.63558
1654.0      1368.78832
1656.0      1365.94478
1658.0      1363.10498
1660.0      1360.26895
1662.0      1357.43670
1664.0      1354.60827
1666.0      1351.78366
1668.0      1348.96291
1670.0      1346.14602
1672.0      1343.33302
1674.0      1340.52392
1676.0      1337.71876
1678.0      1334.91753
1680.0      1332.12027
1682.0      1329.32700
1684.0      1326.53772
1686.0      1323.75246
1688.0      1320.97123
1690.0      1318.19406
1692.0      1315.42095
1694.0      1312.65192
1696.0      1309.88700
1698.0      1307.12619
1700.0      1304.36951
1702.0      1301.61698
1704.0      1298.86862
1706.0      1296.12443
1708.0      1293.38443
1710.0      1290.64863
1712.0      1287.91706
1714.0      1285.18971
1716.0      1282.46662
1718.0      1279.74778
1720.0      1277.03322
1722.0      1274.32295
1724.0      1271.61697
1726.0      1268.91530
1728.0      1266.21796
1730.0      1263.52495
1732.0      1260.83629
1734.0      1258.15198
1736.0      1255.47204
1738.0      1252.79649
1740.0      1250.12532
1742.0      1247.45856
1744.0      1244.79620
1746.0      1242.13827
1748.0      1239.48477
1750.0      1236.83571
1752.0      1234.19110
1754.0      1231.55095
1756.0      1228.91527
1758.0      1226.28407
1760.0      1223.65735
1762.0      1221.03513
1764.0      1218.41741
1766.0      1215.80420
1768.0      1213.19551
1770.0      1210.59134
1772.0      1207.99171
1774.0      1205.39662
1776.0      1202.80608
1778.0      1200.22009
1780.0      1197.63866
1782.0      1195.06181
1784.0      1192.48952
1786.0      1189.92182
1788.0      1187.35870
1790.0      1184.80018
1792.0      1182.24626
1794.0      1179.69693
1796.0      1177.15222
1798.0      1174.61212
1800.0      1172.07665
1802.0      1169.54579
1804.0      1167.01956
1806.0      1164.49797
1808.0      1161.98102
1810.0      1159.46870
1812.0      1156.96103
1814.0      1154.45802
1816.0      1151.95965
1818.0      1149.46594
1820.0      1146.97689
1822.0      1144.49251
1824.0      1142.01279
1826.0      1139.53775
1828.0      1137.06737
1830.0      1134.60167
1832.0      1132.14065
1834.0      1129.68431
1836.0      1127.23265
1838.0      1124.78568
1840.0      1122.34339
1842.0      1119.90580
1844.0      1117.47289
1846.0      1115.04467
1848.0      1112.62115
1850.0      1110.20233
1852.0      1107.78820
1854.0      1105.37877
1856.0      1102.97403
1858.0      1100.57400
1860.0      1098.17866
1862.0      1095.78803
1864.0      1093.40210
1866.0      1091.02087
1868.0      1088.64434
1870.0      1086.27252
1872.0      1083.90539
1874.0      1081.54297
1876.0      1079.18526
1878.0      1076.83224
1880.0      1074.48392
1882.0      1072.14031
1884.0      1069.80140
1886.0      1067.46718
1888.0      1065.13767
1890.0      1062.81285
1892.0      1060.49273
1894.0      1058.17731
1896.0      1055.86658
1898.0      1053.56055
1900.0      1051.25921
1902.0      1048.96256
1904.0      1046.67060
1906.0      1044.38332
1908.0      1042.10073
1910.0      1039.82283
1912.0      1037.54961
1914.0      1035.28107
1916.0      1033.01720
1918.0      1030.75801
1920.0      1028.50350
1922.0      1026.25366
1924.0      1024.00848
1926.0      1021.76797
1928.0      1019.53213
1930.0      1017.30095
1932.0      1015.07442
1934.0      1012.85255
1936.0      1010.63533
1938.0      1008.42277
1940.0      1006.21484
1942.0      1004.01156
1944.0      1001.81293
1946.0      999.61892
1948.0      997.42955
1950.0      995.24481
1952.0      993.06470
1954.0      990.88921
1956.0      988.71834
1958.0      986.55208
1960.0      984.39044
1962.0      982.23340
1964.0      980.08097
1966.0      977.93314
1968.0      975.78990
1970.0      973.65126
1972.0      971.51720
1974.0      969.38772
1976.0      967.26283
1978.0      965.14251
1980.0      963.02676
1982.0      960.91557
1984.0      958.80895
1986.0      956.70688
1988.0      954.60936
1990.0      952.51640
1992.0      950.42797
1994.0      948.34408
1996.0      946.26473
1998.0      944.18990
2000.0      942.11960
2002.0      940.05381
2004.0      937.99254
2006.0      935.93577
2008.0      933.88351
2010.0      931.83574
2012.0      929.79247
2014.0      927.75368
2016.0      925.71938
2018.0      923.68955
2020.0      921.66419
2022.0      919.64330
2024.0      917.62686
2026.0      915.61488
2028.0      913.60735
2030.0      911.60426
2032.0      909.60561
2034.0      907.61139
2036.0      905.62160
2038.0      903.63622
2040.0      901.65526
2042.0      899.67871
2044.0      897.70656
2046.0      895.73881
2048.0      893.77544
2050.0      891.81646
2052.0      889.86186
2054.0      887.91163
2056.0      885.96576
2058.0      884.02426
2060.0      882.08711
2062.0      880.15430
2064.0      878.22584
2066.0      876.30171
2068.0      874.38190
2070.0      872.46642
2072.0      870.55526
2074.0      868.64840
2076.0      866.74585
2078.0      864.84759
2080.0      862.95362
2082.0      861.06394
2084.0      859.17853
2086.0      857.29739
2088.0      855.42051
2090.0      853.54789
2092.0      851.67952
2094.0      849.81539
2096.0      847.95550
2098.0      846.09984
2100.0      844.24840
2102.0      842.40118
2104.0      840.55816
2106.0      838.71935
2108.0      836.88474
2110.0      835.05431
2112.0      833.22806
2114.0      831.40599
2116.0      829.58809
2118.0      827.77434
2120.0      825.96475
2122.0      824.15931
2124.0      822.35801
2126.0      820.56084
2128.0      818.76779
2130.0      816.97886
2132.0      815.19405
2134.0      813.41334
2136.0      811.63672
2138.0      809.86420
2140.0      808.09576
2142.0      806.33139
2144.0      804.57109
2146.0      802.81486
2148.0      801.06267
2150.0      799.31454
2152.0      797.57044
2154.0      795.83038
2156.0      794.09434
2158.0      792.36232
2160.0      790.63431
2162.0      788.91030
2164.0      787.19028
2166.0      785.47426
2168.0      783.76222
2170.0      782.05415
2172.0      780.35004
2174.0      778.64990
2176.0      776.95370
2178.0      775.26145
2180.0      773.57314
2182.0      771.88876
2184.0      770.20830
2186.0      768.53175
2188.0      766.85911
2190.0      765.19037
2192.0      763.52552
2194.0      761.86455
2196.0      760.20746
2198.0      758.55424
2200.0      756.90489
2202.0      755.25938
2204.0      753.61773
2206.0      751.97991
2208.0      750.34593
2210.0      748.71577
2212.0      747.08943
2214.0      745.46689
2216.0      743.84816
2218.0      742.23323
2220.0      740.62207
2222.0      739.01470
2224.0      737.41110
2226.0      735.81127
2228.0      734.21519
2230.0      732.62286
2232.0      731.03427
2234.0      729.44942
2236.0      727.86829
2238.0      726.29088
2240.0      724.71718
2242.0      723.14718
2244.0      721.58088
2246.0      720.01827
2248.0      718.45934
2250.0      716.90408
2252.0      715.35249
2254.0      713.80456
2256.0      712.26028
2258.0      710.71964
2260.0      709.18263
2262.0      707.64925
2264.0      706.11950
2266.0      704.59335
2268.0      703.07081
2270.0      701.55187
2272.0      700.03652
2274.0      698.52475
2276.0      697.01655
2278.0      695.51192
2280.0      694.01086
2282.0      692.51334
2284.0      691.01937
2286.0      689.52893
2288.0      688.04202
2290.0      686.55864
2292.0      685.07877
2294.0      683.60240
2296.0      682.12954
2298.0      680.66016
2300.0      679.19427
2302.0      677.73186
2304.0      676.27292
2306.0      674.81743
2308.0      673.36540
2310.0      671.91682
2312.0      670.47167
2314.0      669.02996
2316.0      667.59167
2318.0      666.15680
2320.0      664.72533
2322.0      663.29727
2324.0      661.87260
2326.0      660.45131
2328.0      659.03341
2330.0      657.61887
2332.0      656.20770
2334.0      654.79989
2336.0      653.39542
2338.0      651.99430
2340.0      650.59651
2342.0      649.20205
2344.0      647.81090
2346.0      646.42307
2348.0      645.03854
2350.0      643.65731
2352.0      642.27937
2354.0      640.90471
2356.0      639.53332
2358.0      638.16520
2360.0      636.80034
2362.0      635.43874
2364.0      634.08038
2366.0      632.72525
2368.0      631.37336
2370.0      630.02469
2372.0      628.67923
2374.0      627.33699
2376.0      625.99794
2378.0      624.66209
2380.0      623.32943
2382.0      621.99994
2384.0      620.67363
2386.0      619.35048
2388.0      618.03048
2390.0      616.71364
2392.0      615.39994
2394.0      614.08938
2396.0      612.78194
2398.0      611.47763
2400.0      610.17643
2402.0      608.87833
2404.0      607.58334
2406.0      606.29143
2408.0      605.00262
2410.0      603.71688
2412.0      602.43421
2414.0      601.15460
2416.0      599.87805
2418.0      598.60455
2420.0      597.33409
2422.0      596.06667
2424.0      594.80228
2426.0      593.54090
2428.0      592.28254
2430.0      591.02719
2432.0      589.77483
2434.0      588.52547
2436.0      587.27910
2438.0      586.03570
2440.0      584.79527
2442.0      583.55781
2444.0      582.32331
2446.0      581.09175
2448.0      579.86314
2450.0      578.63747
2452.0      577.41472
2454.0      576.19490
2456.0      574.97799
2458.0      573.76400
2460.0      572.55290
2462.0      571.34470
2464.0      570.13938
2466.0      568.93695
2468.0      567.73739
2470.0      566.54070
2472.0      565.34687
2474.0      564.15590
2476.0      562.96776
2478.0      561.78247
2480.0      560.60002
2482.0      559.42039
2484.0      558.24358
2486.0      557.06958
2488.0      555.89838
2490.0      554.72999
2492.0      553.56439
2494.0      552.40158
2496.0      551.24154
2498.0      550.08428
2500.0      548.92978
