800.0      2131.60322
802.0      2138.47447
804.0      2145.26798
806.0      2151.98378
808.0      2158.62192
810.0      2165.18246
812.0      2171.66546
814.0      2178.07101
816.0      2184.39919
818.0      2190.65008
820.0      2196.82381
822.0      2202.92047
824.0      2208.94018
826.0      2214.88308
828.0      2220.74930
830.0      2226.53898
832.0      2232.25228
834.0      2237.88935
836.0      2243.45035
838.0      2248.93547
840.0      2254.34489
842.0      2259.67878
844.0      2264.93734
846.0      2270.12078
848.0      2275.22930
850.0      2280.26311
852.0      2285.22244
854.0      2290.10750
856.0      2294.91853
858.0      2299.65577
860.0      2304.31945
862.0      2308.90983
864.0      2313.42717
866.0      2317.87170
868.0      2322.24371
870.0      2326.54346
872.0      2330.77122
874.0      2334.92728
876.0      2339.01190
878.0      2343.02538
880.0      2346.96802
882.0      2350.84010
884.0      2354.64193
886.0      2358.37380
888.0      2362.03603
890.0      2365.62893
892.0      2369.15281
894.0      2372.60798
896.0      2375.99478
898.0      2379.31352
900.0      2382.56454
902.0      2385.74816
904.0      2388.86471
906.0      2391.91454
908.0      2394.89798
910.0      2397.81538
912.0      2400.66708
914.0      2403.45343
916.0      2406.17477
918.0      2408.83146
920.0      2411.42385
922.0      2413.95230
924.0      2416.41717
926.0      2418.81882
928.0      2421.15760
930.0      2423.43389
932.0      2425.64804
934.0      2427.80043
936.0      2429.89142
938.0      2431.92138
940.0      2433.89069
942.0      2435.79971
944.0      2437.64882
946.0      2439.43840
948.0      2441.16881
950.0      2442.84044
952.0      2444.45367
954.0      2446.00887
956.0      2447.50643
958.0      2448.94671
960.0      2450.33011
962.0      2451.65700
964.0      2452.92777
966.0      2454.14280
968.0      2455.30247
970.0      2456.40716
972.0      2457.45726
974.0      2458.45316
976.0      2459.39522
978.0      2460.28384
980.0      2461.11941
982.0      2461.90230
984.0      2462.63290
986.0      2463.31160
988.0      2463.93877
990.0      2464.51480
992.0      2465.04008
994.0      2465.51498
996.0      2465.93989
998.0      2466.31519
1000.0      2466.64126
1002.0      2466.91849
1004.0      2467.14725
1006.0      2467.32793
1008.0      2467.46090
1010.0      2467.54654
1012.0      2467.58523
1014.0      2467.57736
1016.0      2467.52328
1018.0      2467.42339
1020.0      2467.27806
1022.0      2467.08766
1024.0      2466.85256
1026.0      2466.57315
1028.0      2466.24978
1030.0      2465.88283
1032.0      2465.47267
1034.0      2465.01967
1036.0      2464.52420
1038.0      2463.98662
1040.0      2463.40730
1042.0      2462.78660
1044.0      2462.12489
1046.0      2461.42252
1048.0      2460.67987
1050.0      2459.89728
1052.0      2459.07512
1054.0      2458.21375
1056.0      2457.31351
1058.0      2456.37477
1060.0      2455.39787
1062.0      2454.38318
1064.0      2453.33103
1066.0      2452.24178
1068.0      2451.11578
1070.0      2449.95337
1072.0      2448.75489
1074.0      2447.52070
1076.0      2446.25113
1078.0      2444.94651
1080.0      2443.60720
1082.0      2442.23353
1084.0      2440.82583
1086.0      2439.38444
1088.0      2437.90968
1090.0      2436.40190
1092.0      2434.86142
1094.0      2433.28857
1096.0      2431.68367
1098.0      2430.04705
1100.0      2428.37903
1102.0      2426.67993
1104.0      2424.95008
1106.0      2423.18979
1108.0      2421.39937
1110.0      2419.57915
1112.0      2417.72943
1114.0      2415.85053
1116.0      2413.94275
1118.0      2412.00641
1120.0      2410.04181
1122.0      2408.04925
1124.0      2406.02903
1126.0      2403.98147
1128.0      2401.90685
1130.0      2399.80548
1132.0      2397.67765
1134.0      2395.52366
1136.0      2393.34379
1138.0      2391.13834
1140.0      2388.90760
1142.0      2386.65185
1144.0      2384.37139
1146.0      2382.06648
1148.0      2379.73743
1150.0      2377.38449
1152.0      2375.00797
1154.0      2372.60812
1156.0      2370.18523
1158.0      2367.73957
1160.0      2365.27141
1162.0      2362.78102
1164.0      2360.26867
1166.0      2357.73462
1168.0      2355.17915
1170.0      2352.60250
1172.0      2350.00495
1174.0      2347.38675
1176.0      2344.74815
1178.0      2342.08943
1180.0      2339.41082
1182.0      2336.71258
1184.0      2333.99497
1186.0      2331.25823
1188.0      2328.50260
1190.0      2325.72834
1192.0      2322.93568
1194.0      2320.12488
1196.0      2317.29616
1198.0      2314.44977
1200.0      2311.58594
1202.0      2308.70491
1204.0      2305.80692
1206.0      2302.89219
1208.0      2299.96095
1210.0      2297.01344
1212.0      2294.04987
1214.0      2291.07048
1216.0      2288.07549
1218.0      2285.06512
1220.0      2282.03958
1222.0      2278.99910
1224.0      2275.94390
1226.0      2272.87418
1228.0      2269.79017
1230.0      2266.69207
1232.0      2263.58010
1234.0      2260.45446
1236.0      2257.31535
1238.0      2254.16300
1240.0      2250.99759
1242.0      2247.81933
1244.0      2244.62842
1246.0      2241.42507
1248.0      2238.20946
1250.0      2234.98179
1252.0      2231.74226
1254.0      2228.49106
1256.0      2225.22838
1258.0      2221.95441
1260.0      2218.66934
1262.0      2215.37336
1264.0      2212.06664
1266.0      2208.74938
1268.0      2205.42176
1270.0      2202.08395
1272.0      2198.73613
1274.0      2195.37849
1276.0      2192.01119
1278.0      2188.63442
1280.0      2185.24834
1282.0      2181.85313
1284.0      2178.44896
1286.0      2175.03599
1288.0      2171.61440
1290.0      2168.18434
1292.0      2164.74599
1294.0      2161.29951
1296.0      2157.84505
1298.0      2154.38279
1300.0      2150.91286
1302.0      2147.43545
1304.0      2143.95069
1306.0      2140.45875
1308.0      2136.95978
1310.0      2133.45393
1312.0      2129.94135
1314.0      2126.42218
1316.0      2122.89659
1318.0      2119.36471
1320.0      2115.82670
1322.0      2112.28268
1324.0      2108.73282
1326.0      2105.17724
1328.0      2101.61609
1330.0      2098.04951
1332.0      2094.47763
1334.0      2090.90060
1336.0      2087.31854
1338.0      2083.73159
1340.0      2080.13988
1342.0      2076.54355
1344.0      2072.94272
1346.0      2069.33753
1348.0      2065.72809
1350.0      2062.11455
1352.0      2058.49701
1354.0      2054.87562
1356.0      2051.25048
1358.0      2047.62173
1360.0      2043.98948
1362.0      2040.35385
1364.0      2036.71496
1366.0      2033.07293
1368.0      2029.42787
1370.0      2025.77990
1372.0      2022.12914
1374.0      2018.47569
1376.0      2014.81966
1378.0      2011.16118
1380.0      2007.50034
1382.0      2003.83726
1384.0      2000.17204
1386.0      1996.50479
1388.0      1992.83562
1390.0      1989.16462
1392.0      1985.49190
1394.0      1981.81757
1396.0      1978.14173
1398.0      1974.46447
1400.0      1970.78589
1402.0      1967.10610
1404.0      1963.42518
1406.0      1959.74325
1408.0      1956.06038
1410.0      1952.37667
1412.0      1948.69223
1414.0      1945.00713
1416.0      1941.32148
1418.0      1937.63536
1420.0      1933.94886
1422.0      1930.26206
1424.0      1926.57507
1426.0      1922.88796
1428.0      1919.20081
1430.0      1915.51372
1432.0      1911.82677
1434.0      1908.14004
1436.0      1904.45362
1438.0      1900.76757
1440.0      1897.08199
1442.0      1893.39696
1444.0      1889.71255
1446.0      1886.02883
1448.0      1882.34590
1450.0      1878.66382
1452.0      1874.98266
1454.0      1871.30251
1456.0      1867.62344
1458.0      1863.94552
1460.0      1860.26881
1462.0      1856.59340
1464.0      1852.91936
1466.0      1849.24674
1468.0      1845.57563
1470.0      1841.90608
1472.0      1838.23818
1474.0      1834.57197
1476.0      1830.90754
1478.0      1827.24494
1480.0      1823.58424
1482.0      1819.92550
1484.0      1816.26878
1486.0      1812.61415
1488.0      1808.96167
1490.0      1805.31140
1492.0      1801.66339
1494.0      1798.01772
1496.0      1794.37443
1498.0      1790.73359
1500.0      1787.09524
1502.0      1783.45946
1504.0      1779.82628
1506.0      1776.19578
1508.0      1772.56800
1510.0      1768.94300
1512.0      1765.32083
1514.0      1761.70154
1516.0      1758.08518
1518.0      1754.47182
1520.0      1750.86148
1522.0      1747.25424
1524.0      1743.65013
1526.0      1740.04920
1528.0      1736.45151
1530.0      1732.85710
1532.0      1729.26601
1534.0      1725.67830
1536.0      1722.09400
1538.0      1718.51318
1540.0      1714.93586
1542.0      1711.36209
1544.0      1707.79192
1546.0      1704.22539
1548.0      1700.66254
1550.0      1697.10341
1552.0      1693.54805
1554.0      1689.99649
1556.0      1686.44878
1558.0      1682.90495
1560.0      1679.36505
1562.0      1675.82911
1564.0      1672.29717
1566.0      1668.76926
1568.0      1665.24543
1570.0      1661.72572
1572.0      1658.21015
1574.0      1654.69876
1576.0      1651.19159
1578.0      1647.68868
1580.0      1644.19005
1582.0      1640.69573
1584.0      1637.20578
1586.0      1633.72020
1588.0      1630.23905
1590.0      1626.76234
1592.0      1623.29011
1594.0      1619.82240
1596.0      1616.35922
1598.0      1612.90062
1600.0      1609.44662
1602.0      1605.99724
1604.0      1602.55253
1606.0      1599.11250
1608.0      1595.67718
1610.0      1592.24660
1612.0      1588.82079
1614.0      1585.39978
1616.0      1581.98358
1618.0      1578.57223
1620.0      1575.16575
1622.0      1571.76416
1624.0      1568.36750
1626.0      1564.97578
1628.0      1561.58902
1630.0      1558.20726
1632.0      1554.83051
1634.0      1551.45879
1636.0      1548.09213
1638.0      1544.73055
1640.0      1541.37407
1642.0      1538.02272
1644.0      1534.67650
1646.0      1531.33545
1648.0      1527.99958
1650.0      1524.66891
1652.0      1521.34346
1654.0      1518.02325
1656.0      1514.70830
1658.0      1511.39862
1660.0      1508.09424
1662.0      1504.79517
1664.0      1501.50143
1666.0      1498.21304
1668.0      1494.93001
1670.0      1491.65235
1672.0      1488.38009
1674.0      1485.11324
1676.0      1481.85182
1678.0      1478.59583
1680.0      1475.34530
1682.0      1472.10024
1684.0      1468.86066
1686.0      1465.62657
1688.0      1462.39800
1690.0      1459.17495
1692.0      1455.95744
1694.0      1452.74547
1696.0      1449.53907
1698.0      1446.33824
1700.0      1443.14299
1702.0      1439.95334
1704.0      1436.76930
1706.0      1433.59088
1708.0      1430.41808
1710.0      1427.25093
1712.0      1424.08943
1714.0      1420.93358
1716.0      1417.78341
1718.0      1414.63891
1720.0      1411.50010
1722.0      1408.36699
1724.0      1405.23959
1726.0      1402.11789
1728.0      1399.00193
1730.0      1395.89169
1732.0      1392.78719
1734.0      1389.68843
1736.0      1386.59543
1738.0      1383.50819
1740.0      1380.42671
1742.0      1377.35101
1744.0      1374.28109
1746.0      1371.21695
1748.0      1368.15861
1750.0      1365.10606
1752.0      1362.05931
1754.0      1359.01838
1756.0      1355.98326
1758.0      1352.95395
1760.0      1349.93047
1762.0      1346.91282
1764.0      1343.90100
1766.0      1340.89501
1768.0      1337.89487
1770.0      1334.90057
1772.0      1331.91212
1774.0      1328.92951
1776.0      1325.95277
1778.0      1322.98187
1780.0      1320.01684
1782.0      1317.05767
1784.0      1314.10437
1786.0      1311.15693
1788.0      1308.21536
1790.0      1305.27967
1792.0      1302.34984
1794.0      1299.42589
1796.0      1296.50782
1798.0      1293.59562
1800.0      1290.68931
1802.0      1287.78887
1804.0      1284.89431
1806.0      1282.00563
1808.0      1279.12284
1810.0      1276.24592
1812.0      1273.37489
1814.0      1270.50974
1816.0      1267.65048
1818.0      1264.79709
1820.0      1261.94958
1822.0      1259.10796
1824.0      1256.27221
1826.0      1253.44235
1828.0      1250.61836
1830.0      1247.80025
1832.0      1244.98802
1834.0      1242.18166
1836.0      1239.38117
1838.0      1236.58655
1840.0      1233.79781
1842.0      1231.01493
1844.0      1228.23792
1846.0      1225.46677
1848.0      1222.70148
1850.0      1219.94205
1852.0      1217.18848
1854.0      1214.44076
1856.0      1211.69890
1858.0      1208.96288
1860.0      1206.23270
1862.0      1203.50837
1864.0      1200.78988
1866.0      1198.07722
1868.0      1195.37040
1870.0      1192.66941
1872.0      1189.97424
1874.0      1187.28489
1876.0      1184.60136
1878.0      1181.92364
1880.0      1179.25174
1882.0      1176.58563
1884.0      1173.92534
1886.0      1171.27083
1888.0      1168.62212
1890.0      1165.97920
1892.0      1163.34207
1894.0      1160.71071
1896.0      1158.08512
1898.0      1155.46531
1900.0      1152.85126
1902.0      1150.24297
1904.0      1147.64043
1906.0      1145.04364
1908.0      1142.45260
1910.0      1139.86729
1912.0      1137.28772
1914.0      1134.71387
1916.0      1132.14575
1918.0      1129.58334
1920.0      1127.02664
1922.0      1124.47564
1924.0      1121.93035
1926.0      1119.39074
1928.0      1116.85683
1930.0      1114.32859
1932.0      1111.80603
1934.0      1109.28913
1936.0      1106.77789
1938.0      1104.27231
1940.0      1101.77238
1942.0      1099.27809
1944.0      1096.78944
1946.0      1094.30641
1948.0      1091.82900
1950.0      1089.35721
1952.0      1086.89103
1954.0      1084.43045
1956.0      1081.97546
1958.0      1079.52606
1960.0      1077.08224
1962.0      1074.64399
1964.0      1072.21130
1966.0      1069.78418
1968.0      1067.36260
1970.0      1064.94657
1972.0      1062.53607
1974.0      1060.13110
1976.0      1057.73165
1978.0      1055.33772
1980.0      1052.94929
1982.0      1050.56636
1984.0      1048.18891
1986.0      1045.81695
1988.0      1043.45047
1990.0      1041.08945
1992.0      1038.73388
1994.0      1036.38377
1996.0      1034.03910
1998.0      1031.69987
2000.0      1029.36606
2002.0      1027.03767
2004.0      1024.71468
2006.0      1022.39710
2008.0      1020.08492
2010.0      1017.77811
2012.0      1015.47669
2014.0      1013.18063
2016.0      1010.88993
2018.0      1008.60458
2020.0      1006.32457
2022.0      1004.04990
2024.0      1001.78056
2026.0      999.51653
2028.0      997.25780
2030.0      995.00438
2032.0      992.75625
2034.0      990.51340
2036.0      988.27582
2038.0      986.04351
2040.0      983.81645
2042.0      981.59464
2044.0      979.37807
2046.0      977.16673
2048.0      974.96060
2050.0      972.75969
2052.0      970.56397
2054.0      968.37346
2056.0      966.18812
2058.0      964.00796
2060.0      961.83296
2062.0      959.66312
2064.0      957.49843
2066.0      955.33888
2068.0      953.18445
2070.0      951.03514
2072.0      948.89095
2074.0      946.75185
2076.0      944.61785
2078.0      942.48893
2080.0      940.36508
2082.0      938.24630
2084.0      936.13257
2086.0      934.02388
2088.0      931.92023
2090.0      929.82161
2092.0      927.72800
2094.0      925.63940
2096.0      923.55580
2098.0      921.47719
2100.0      919.40355
2102.0      917.33489
2104.0      915.27118
2106.0      913.21243
2108.0      911.15861
2110.0      909.10973
2112.0      907.06577
2114.0      905.02672
2116.0      902.99257
2118.0      900.96331
2120.0      898.93894
2122.0      896.91944
2124.0      894.90481
2126.0      892.89503
2128.0      890.89009
2130.0      888.88999
2132.0      886.89471
2134.0      884.90425
2136.0      882.91859
2138.0      880.93773
2140.0      878.96166
2142.0      876.99036
2144.0      875.02383
2146.0      873.06206
2148.0      871.10503
2150.0      869.15275
2152.0      867.20519
2154.0      865.26234
2156.0      863.32421
2158.0      861.39078
2160.0      859.46203
2162.0      857.53796
2164.0      855.61856
2166.0      853.70383
2168.0      851.79374
2170.0      849.88829
2172.0      847.98747
2174.0      846.09127
2176.0      844.19968
2178.0      842.31270
2180.0      840.43030
2182.0      838.55249
2184.0      836.67924
2186.0      834.81056
2188.0      832.94643
2190.0      831.08684
2192.0      829.23179
2194.0      827.38125
2196.0      825.53523
2198.0      823.69371
2200.0      821.85669
2202.0      820.02415
2204.0      818.19608
2206.0      816.37247
2208.0      814.55332
2210.0      812.73862
2212.0      810.92835
2214.0      809.12250
2216.0      807.32107
2218.0      805.52404
2220.0      803.73141
2222.0      801.94316
2224.0      800.15929
2226.0      798.37978
2228.0      796.60463
2230.0      794.83383
2232.0      793.06737
2234.0      791.30523
2236.0      789.54741
2238.0      787.79390
2240.0      786.04468
2242.0      784.29975
2244.0      782.55910
2246.0      780.82273
2248.0      779.09060
2250.0      777.36273
2252.0      775.63910
2254.0      773.91970
2256.0      772.20452
2258.0      770.49355
2260.0      768.78678
2262.0      767.08421
2264.0      765.38581
2266.0      763.69159
2268.0      762.00153
2270.0      760.31562
2272.0      758.63386
2274.0      756.95623
2276.0      755.28272
2278.0      753.61333
2280.0      751.94805
2282.0      750.28686
2284.0      748.62975
2286.0      746.97672
2288.0      745.32776
2290.0      743.68286
2292.0      742.04201
2294.0      740.40519
2296.0      738.77240
2298.0      737.14364
2300.0      735.51888
2302.0      733.89812
2304.0      732.28136
2306.0      730.66857
2308.0      729.05976
2310.0      727.45491
2312.0      725.85402
2314.0      724.25707
2316.0      722.66405
2318.0      721.07496
2320.0      719.48978
2322.0      717.90852
2324.0      716.33115
2326.0      714.75766
2328.0      713.18806
2330.0      711.62233
2332.0      710.06045
2334.0      708.50243
2336.0      706.94825
2338.0      705.39790
2340.0      703.85138
2342.0      702.30866
2344.0      700.76976
2346.0      699.23465
2348.0      697.70332
2350.0      696.17578
2352.0      694.65200
2354.0      693.13198
2356.0      691.61571
2358.0      690.10318
2360.0      688.59438
2362.0      687.08930
2364.0      685.58794
2366.0      684.09029
2368.0      682.59632
2370.0      681.10605
2372.0      679.61945
2374.0      678.13652
2376.0      676.65725
2378.0      675.18163
2380.0      673.70965
2382.0      672.24131
2384.0      670.77659
2386.0      669.31548
2388.0      667.85798
2390.0      666.40407
2392.0      664.95376
2394.0      663.50702
2396.0      662.06385
2398.0      660.62424
2400.0      659.18819
2402.0      657.75568
2404.0      656.32671
2406.0      654.90126
2408.0      653.47933
2410.0      652.06091
2412.0      650.64599
2414.0      649.23456
2416.0      647.82661
2418.0      646.42214
2420.0      645.02113
2422.0      643.62358
2424.0      642.22948
2426.0      640.83882
2428.0      639.45159
2430.0      638.06778
2432.0      636.68738
2434.0      635.31039
2436.0      633.93680
2438.0      632.56659
2440.0      631.19977
2442.0      629.83631
2444.0      628.47622
2446.0      627.11948
2448.0      625.76609
2450.0      624.41604
2452.0      623.06931
2454.0      621.72591
2456.0      620.38582
2458.0      619.04903
2460.0      617.71554
2462.0      616.38533
2464.0      615.05840
2466.0      613.73475
2468.0      612.41436
2470.0      611.09722
2472.0      609.78332
2474.0      608.47267
2476.0      607.16524
2478.0      605.86104
2480.0      604.56004
2482.0      603.26226
2484.0      601.96767
2486.0      600.67626
2488.0      599.38804
2490.0      598.10299
2492.0      596.82111
2494.0      595.54238
2496.0      594.26680
2498.0      592.99436
2500.0      591.72505
