800.0      638.23371
802.0      642.20524
804.0      646.16162
806.0      650.10263
808.0      654.02803
810.0      657.93760
812.0      661.83112
814.0      665.70837
816.0      669.56914
818.0      673.41322
820.0      677.24040
822.0      681.05050
824.0      684.84329
826.0      688.61861
828.0      692.37625
830.0      696.11603
832.0      699.83778
834.0      703.54130
836.0      707.22644
838.0      710.89302
840.0      714.54087
842.0      718.16983
844.0      721.77975
846.0      725.37047
848.0      728.94184
850.0      732.49371
852.0      736.02594
854.0      739.53839
856.0      743.03091
858.0      746.50339
860.0      749.95569
862.0      753.38769
864.0      756.79926
866.0      760.19028
868.0      763.56064
870.0      766.91023
872.0      770.23894
874.0      773.54666
876.0      776.83329
878.0      780.09874
880.0      783.34290
882.0      786.56570
884.0      789.76703
886.0      792.94681
888.0      796.10496
890.0      799.24140
892.0      802.35605
894.0      805.44885
896.0      808.51972
898.0      811.56859
900.0      814.59540
902.0      817.60008
904.0      820.58259
906.0      823.54286
908.0      826.48084
910.0      829.39649
912.0      832.28974
914.0      835.16057
916.0      838.00892
918.0      840.83476
920.0      843.63806
922.0      846.41877
924.0      849.17687
926.0      851.91232
928.0      854.62511
930.0      857.31521
932.0      859.98259
934.0      862.62725
936.0      865.24915
938.0      867.84829
940.0      870.42466
942.0      872.97824
944.0      875.50903
946.0      878.01703
948.0      880.50222
950.0      882.96462
952.0      885.40422
954.0      887.82102
956.0      890.21504
958.0      892.58627
960.0      894.93473
962.0      897.26043
964.0      899.56338
966.0      901.84361
968.0      904.10112
970.0      906.33594
972.0      908.54808
974.0      910.73757
976.0      912.90444
978.0      915.04871
980.0      917.17041
982.0      919.26957
984.0      921.34622
986.0      923.40040
988.0      925.43213
990.0      927.44147
992.0      929.42843
994.0      931.39307
996.0      933.33542
998.0      935.25554
1000.0      937.15345
1002.0      939.02921
1004.0      940.88286
1006.0      942.71445
1008.0      944.52404
1010.0      946.31167
1012.0      948.07739
1014.0      949.82126
1016.0      951.54333
1018.0      953.24366
1020.0      954.92231
1022.0      956.57933
1024.0      958.21478
1026.0      959.82873
1028.0      961.42123
1030.0      962.99235
1032.0      964.54215
1034.0      966.07070
1036.0      967.57807
1038.0      969.06431
1040.0      970.52950
1042.0      971.97371
1044.0      973.39700
1046.0      974.79946
1048.0      976.18114
1050.0      977.54212
1052.0      978.88247
1054.0      980.20228
1056.0      981.50160
1058.0      982.78053
1060.0      984.03913
1062.0      985.27748
1064.0      986.49567
1066.0      987.69376
1068.0      988.87184
1070.0      990.02999
1072.0      991.16829
1074.0      992.28682
1076.0      993.38566
1078.0      994.46489
1080.0      995.52460
1082.0      996.56488
1084.0      997.58580
1086.0      998.58745
1088.0      999.56991
1090.0      1000.53328
1092.0      1001.47763
1094.0      1002.40305
1096.0      1003.30964
1098.0      1004.19748
1100.0      1005.06665
1102.0      1005.91725
1104.0      1006.74936
1106.0      1007.56307
1108.0      1008.35847
1110.0      1009.13566
1112.0      1009.89472
1114.0      1010.63574
1116.0      1011.35881
1118.0      1012.06403
1120.0      1012.75148
1122.0      1013.42127
1124.0      1014.07347
1126.0      1014.70818
1128.0      1015.32549
1130.0      1015.92550
1132.0      1016.50830
1134.0      1017.07398
1136.0      1017.62263
1138.0      1018.15436
1140.0      1018.66924
1142.0      1019.16738
1144.0      1019.64886
1146.0      1020.11379
1148.0      1020.56226
1150.0      1020.99435
1152.0      1021.41017
1154.0      1021.80980
1156.0      1022.19335
1158.0      1022.56091
1160.0      1022.91256
1162.0      1023.24841
1164.0      1023.56855
1166.0      1023.87308
1168.0      1024.16208
1170.0      1024.43565
1172.0      1024.69389
1174.0      1024.93690
1176.0      1025.16476
1178.0      1025.37756
1180.0      1025.57542
1182.0      1025.75841
1184.0      1025.92663
1186.0      1026.08018
1188.0      1026.21915
1190.0      1026.34364
1192.0      1026.45373
1194.0      1026.54953
1196.0      1026.63112
1198.0      1026.69860
1200.0      1026.75206
1202.0      1026.79160
1204.0      1026.81731
1206.0      1026.82928
1208.0      1026.82760
1210.0      1026.81237
1212.0      1026.78368
1214.0      1026.74163
1216.0      1026.68629
1218.0      1026.61778
1220.0      1026.53617
1222.0      1026.44156
1224.0      1026.33405
1226.0      1026.21371
1228.0      1026.08065
1230.0      1025.93496
1232.0      1025.77672
1234.0      1025.60602
1236.0      1025.42297
1238.0      1025.22763
1240.0      1025.02012
1242.0      1024.80050
1244.0      1024.56888
1246.0      1024.32535
1248.0      1024.06999
1250.0      1023.80288
1252.0      1023.52413
1254.0      1023.23381
1256.0      1022.93202
1258.0      1022.61884
1260.0      1022.29436
1262.0      1021.95866
1264.0      1021.61184
1266.0      1021.25398
1268.0      1020.88516
1270.0      1020.50547
1272.0      1020.11500
1274.0      1019.71383
1276.0      1019.30204
1278.0      1018.87973
1280.0      1018.44697
1282.0      1018.00386
1284.0      1017.55046
1286.0      1017.08687
1288.0      1016.61317
1290.0      1016.12944
1292.0      1015.63577
1294.0      1015.13223
1296.0      1014.61891
1298.0      1014.09590
1300.0      1013.56326
1302.0      1013.02108
1304.0      1012.46945
1306.0      1011.90843
1308.0      1011.33812
1310.0      1010.75860
1312.0      1010.16993
1314.0      1009.57220
1316.0      1008.96549
1318.0      1008.34987
1320.0      1007.72543
1322.0      1007.09224
1324.0      1006.45038
1326.0      1005.79992
1328.0      1005.14095
1330.0      1004.47353
1332.0      1003.79774
1334.0      1003.11366
1336.0      1002.42137
1338.0      1001.72093
1340.0      1001.01243
1342.0      1000.29593
1344.0      999.57151
1346.0      998.83924
1348.0      998.09920
1350.0      997.35146
1352.0      996.59608
1354.0      995.83315
1356.0      995.06273
1358.0      994.28490
1360.0      993.49972
1362.0      992.70727
1364.0      991.90761
1366.0      991.10082
1368.0      990.28696
1370.0      989.46610
1372.0      988.63831
1374.0      987.80367
1376.0      986.96223
1378.0      986.11407
1380.0      985.25925
1382.0      984.39784
1384.0      983.52990
1386.0      982.65550
1388.0      981.77471
1390.0      980.88759
1392.0      979.99421
1394.0      979.09463
1396.0      978.18892
1398.0      977.27713
1400.0      976.35934
1402.0      975.43560
1404.0      974.50599
1406.0      973.57055
1408.0      972.62936
1410.0      971.68247
1412.0      970.72994
1414.0      969.77185
1416.0      968.80824
1418.0      967.83918
1420.0      966.86473
1422.0      965.88494
1424.0      964.89988
1426.0      963.90961
1428.0      962.91418
1430.0      961.91365
1432.0      960.90808
1434.0      959.89753
1436.0      958.88205
1438.0      957.86170
1440.0      956.83654
1442.0      955.80663
1444.0      954.77201
1446.0      953.73275
1448.0      952.68889
1450.0      951.64050
1452.0      950.58763
1454.0      949.53033
1456.0      948.46866
1458.0      947.40266
1460.0      946.33240
1462.0      945.25792
1464.0      944.17928
1466.0      943.09652
1468.0      942.00971
1470.0      940.91889
1472.0      939.82411
1474.0      938.72543
1476.0      937.62289
1478.0      936.51654
1480.0      935.40643
1482.0      934.29262
1484.0      933.17515
1486.0      932.05406
1488.0      930.92942
1490.0      929.80126
1492.0      928.66964
1494.0      927.53459
1496.0      926.39618
1498.0      925.25444
1500.0      924.10942
1502.0      922.96117
1504.0      921.80973
1506.0      920.65515
1508.0      919.49747
1510.0      918.33674
1512.0      917.17301
1514.0      916.00631
1516.0      914.83669
1518.0      913.66419
1520.0      912.48887
1522.0      911.31075
1524.0      910.12989
1526.0      908.94633
1528.0      907.76010
1530.0      906.57125
1532.0      905.37982
1534.0      904.18585
1536.0      902.98939
1538.0      901.79047
1540.0      900.58914
1542.0      899.38543
1544.0      898.17938
1546.0      896.97104
1548.0      895.76043
1550.0      894.54761
1552.0      893.33261
1554.0      892.11547
1556.0      890.89622
1558.0      889.67490
1560.0      888.45156
1562.0      887.22623
1564.0      885.99894
1566.0      884.76973
1568.0      883.53864
1570.0      882.30570
1572.0      881.07096
1574.0      879.83443
1576.0      878.59617
1578.0      877.35621
1580.0      876.11458
1582.0      874.87131
1584.0      873.62644
1586.0      872.38000
1588.0      871.13203
1590.0      869.88256
1592.0      868.63162
1594.0      867.37925
1596.0      866.12547
1598.0      864.87033
1600.0      863.61385
1602.0      862.35607
1604.0      861.09701
1606.0      859.83671
1608.0      858.57520
1610.0      857.31251
1612.0      856.04867
1614.0      854.78372
1616.0      853.51767
1618.0      852.25057
1620.0      850.98243
1622.0      849.71330
1624.0      848.44319
1626.0      847.17215
1628.0      845.90019
1630.0      844.62735
1632.0      843.35365
1634.0      842.07913
1636.0      840.80380
1638.0      839.52770
1640.0      838.25086
1642.0      836.97330
1644.0      835.69505
1646.0      834.41613
1648.0      833.13658
1650.0      831.85641
1652.0      830.57566
1654.0      829.29435
1656.0      828.01250
1658.0      826.73015
1660.0      825.44731
1662.0      824.16402
1664.0      822.88029
1666.0      821.59615
1668.0      820.31162
1670.0      819.02674
1672.0      817.74152
1674.0      816.45598
1676.0      815.17016
1678.0      813.88407
1680.0      812.59773
1682.0      811.31118
1684.0      810.02443
1686.0      808.73750
1688.0      807.45042
1690.0      806.16321
1692.0      804.87589
1694.0      803.58848
1696.0      802.30101
1698.0      801.01350
1700.0      799.72596
1702.0      798.43842
1704.0      797.15090
1706.0      795.86341
1708.0      794.57599
1710.0      793.28865
1712.0      792.00141
1714.0      790.71429
1716.0      789.42731
1718.0      788.14048
1720.0      786.85384
1722.0      785.56740
1724.0      784.28117
1726.0      782.99517
1728.0      781.70944
1730.0      780.42397
1732.0      779.13880
1734.0      777.85393
1736.0      776.56939
1738.0      775.28520
1740.0      774.00137
1742.0      772.71792
1744.0      771.43487
1746.0      770.15223
1748.0      768.87003
1750.0      767.58827
1752.0      766.30698
1754.0      765.02617
1756.0      763.74586
1758.0      762.46606
1760.0      761.18679
1762.0      759.90807
1764.0      758.62991
1766.0      757.35233
1768.0      756.07534
1770.0      754.79896
1772.0      753.52320
1774.0      752.24808
1776.0      750.97361
1778.0      749.69981
1780.0      748.42670
1782.0      747.15428
1784.0      745.88257
1786.0      744.61159
1788.0      743.34134
1790.0      742.07185
1792.0      740.80313
1794.0      739.53518
1796.0      738.26803
1798.0      737.00169
1800.0      735.73617
1802.0      734.47148
1804.0      733.20763
1806.0      731.94465
1808.0      730.68254
1810.0      729.42131
1812.0      728.16097
1814.0      726.90155
1816.0      725.64304
1818.0      724.38547
1820.0      723.12884
1822.0      721.87317
1824.0      720.61847
1826.0      719.36475
1828.0      718.11201
1830.0      716.86028
1832.0      715.60956
1834.0      714.35987
1836.0      713.11121
1838.0      711.86359
1840.0      710.61703
1842.0      709.37154
1844.0      708.12713
1846.0      706.88380
1848.0      705.64157
1850.0      704.40045
1852.0      703.16045
1854.0      701.92157
1856.0      700.68383
1858.0      699.44724
1860.0      698.21180
1862.0      696.97753
1864.0      695.74444
1866.0      694.51253
1868.0      693.28181
1870.0      692.05230
1872.0      690.82399
1874.0      689.59691
1876.0      688.37105
1878.0      687.14644
1880.0      685.92306
1882.0      684.70095
1884.0      683.48009
1886.0      682.26051
1888.0      681.04220
1890.0      679.82518
1892.0      678.60946
1894.0      677.39503
1896.0      676.18192
1898.0      674.97013
1900.0      673.75966
1902.0      672.55052
1904.0      671.34272
1906.0      670.13627
1908.0      668.93117
1910.0      667.72744
1912.0      666.52507
1914.0      665.32408
1916.0      664.12447
1918.0      662.92625
1920.0      661.72942
1922.0      660.53399
1924.0      659.33998
1926.0      658.14737
1928.0      656.95619
1930.0      655.76644
1932.0      654.57811
1934.0      653.39123
1936.0      652.20579
1938.0      651.02180
1940.0      649.83927
1942.0      648.65820
1944.0      647.47860
1946.0      646.30047
1948.0      645.12383
1950.0      643.94866
1952.0      642.77499
1954.0      641.60280
1956.0      640.43212
1958.0      639.26295
1960.0      638.09528
1962.0      636.92913
1964.0      635.76450
1966.0      634.60139
1968.0      633.43982
1970.0      632.27977
1972.0      631.12127
1974.0      629.96431
1976.0      628.80889
1978.0      627.65503
1980.0      626.50273
1982.0      625.35198
1984.0      624.20280
1986.0      623.05518
1988.0      621.90914
1990.0      620.76468
1992.0      619.62180
1994.0      618.48050
1996.0      617.34079
1998.0      616.20267
2000.0      615.06615
2002.0      613.93122
2004.0      612.79790
2006.0      611.66618
2008.0      610.53608
2010.0      609.40758
2012.0      608.28071
2014.0      607.15545
2016.0      606.03181
2018.0      604.90980
2020.0      603.78942
2022.0      602.67067
2024.0      601.55355
2026.0      600.43807
2028.0      599.32424
2030.0      598.21204
2032.0      597.10149
2034.0      595.99259
2036.0      594.88534
2038.0      593.77974
2040.0      592.67580
2042.0      591.57352
2044.0      590.47289
2046.0      589.37393
2048.0      588.27664
2050.0      587.18101
2052.0      586.08706
2054.0      584.99477
2056.0      583.90416
2058.0      582.81523
2060.0      581.72797
2062.0      580.64239
2064.0      579.55850
2066.0      578.47629
2068.0      577.39576
2070.0      576.31692
2072.0      575.23977
2074.0      574.16432
2076.0      573.09055
2078.0      572.01848
2080.0      570.94810
2082.0      569.87942
2084.0      568.81243
2086.0      567.74715
2088.0      566.68357
2090.0      565.62169
2092.0      564.56151
2094.0      563.50304
2096.0      562.44627
2098.0      561.39121
2100.0      560.33786
2102.0      559.28622
2104.0      558.23629
2106.0      557.18807
2108.0      556.14156
2110.0      555.09676
2112.0      554.05368
2114.0      553.01231
2116.0      551.97266
2118.0      550.93472
2120.0      549.89850
2122.0      548.86400
2124.0      547.83122
2126.0      546.80015
2128.0      545.77081
2130.0      544.74318
2132.0      543.71728
2134.0      542.69309
2136.0      541.67063
2138.0      540.64989
2140.0      539.63087
2142.0      538.61357
2144.0      537.59799
2146.0      536.58414
2148.0      535.57201
2150.0      534.56160
2152.0      533.55292
2154.0      532.54596
2156.0      531.54073
2158.0      530.53721
2160.0      529.53542
2162.0      528.53536
2164.0      527.53702
2166.0      526.54040
2168.0      525.54550
2170.0      524.55233
2172.0      523.56088
2174.0      522.57116
2176.0      521.58315
2178.0      520.59687
2180.0      519.61232
2182.0      518.62948
2184.0      517.64837
2186.0      516.66897
2188.0      515.69130
2190.0      514.71535
2192.0      513.74112
2194.0      512.76860
2196.0      511.79781
2198.0      510.82874
2200.0      509.86138
2202.0      508.89574
2204.0      507.93182
2206.0      506.96961
2208.0      506.00912
2210.0      505.05035
2212.0      504.09329
2214.0      503.13794
2216.0      502.18431
2218.0      501.23239
2220.0      500.28218
2222.0      499.33368
2224.0      498.38689
2226.0      497.44180
2228.0      496.49843
2230.0      495.55677
2232.0      494.61681
2234.0      493.67855
2236.0      492.74200
2238.0      491.80716
2240.0      490.87401
2242.0      489.94257
2244.0      489.01283
2246.0      488.08478
2248.0      487.15844
2250.0      486.23379
2252.0      485.31084
2254.0      484.38959
2256.0      483.47002
2258.0      482.55215
2260.0      481.63598
2262.0      480.72149
2264.0      479.80869
2266.0      478.89758
2268.0      477.98815
2270.0      477.08041
2272.0      476.17436
2274.0      475.26998
2276.0      474.36729
2278.0      473.46628
2280.0      472.56695
2282.0      471.66929
2284.0      470.77331
2286.0      469.87901
2288.0      468.98637
2290.0      468.09541
2292.0      467.20612
2294.0      466.31850
2296.0      465.43254
2298.0      464.54825
2300.0      463.66563
2302.0      462.78466
2304.0      461.90536
2306.0      461.02772
2308.0      460.15173
2310.0      459.27741
2312.0      458.40473
2314.0      457.53371
2316.0      456.66434
2318.0      455.79662
2320.0      454.93055
2322.0      454.06613
2324.0      453.20335
2326.0      452.34221
2328.0      451.48271
2330.0      450.62486
2332.0      449.76864
2334.0      448.91406
2336.0      448.06111
2338.0      447.20979
2340.0      446.36011
2342.0      445.51205
2344.0      444.66562
2346.0      443.82082
2348.0      442.97764
2350.0      442.13608
2352.0      441.29615
2354.0      440.45783
2356.0      439.62112
2358.0      438.78604
2360.0      437.95256
2362.0      437.12069
2364.0      436.29044
2366.0      435.46178
2368.0      434.63474
2370.0      433.80930
2372.0      432.98545
2374.0      432.16321
2376.0      431.34256
2378.0      430.52351
2380.0      429.70605
2382.0      428.89018
2384.0      428.07590
2386.0      427.26321
2388.0      426.45211
2390.0      425.64258
2392.0      424.83464
2394.0      424.02827
2396.0      423.22349
2398.0      422.42027
2400.0      421.61863
2402.0      420.81856
2404.0      420.02006
2406.0      419.22312
2408.0      418.42775
2410.0      417.63394
2412.0      416.84170
2414.0      416.05100
2416.0      415.26187
2418.0      414.47429
2420.0      413.68826
2422.0      412.90378
2424.0      412.12084
2426.0      411.33945
2428.0      410.55961
2430.0      409.78130
2432.0      409.00454
2434.0      408.22931
2436.0      407.45561
2438.0      406.68345
2440.0      405.91281
2442.0      405.14371
2444.0      404.37612
2446.0      403.61006
2448.0      402.84553
2450.0      402.08251
2452.0      401.32101
2454.0      400.56102
2456.0      399.80254
2458.0      399.04557
2460.0      398.29011
2462.0      397.53616
2464.0      396.78371
2466.0      396.03276
2468.0      395.28330
2470.0      394.53535
2472.0      393.78888
2474.0      393.04391
2476.0      392.30043
2478.0      391.55843
2480.0      390.81792
2482.0      390.07890
2484.0      389.34135
2486.0      388.60528
2488.0      387.87068
2490.0      387.13756
2492.0      386.40591
2494.0      385.67572
2496.0      384.94701
2498.0      384.21975
2500.0      383.49396
